/Users/conrad/Documents/EC/Course_deuxiemme_annee/Project_Inno/Projet_P5C006/Monterusciello_solution/Monterusciello_acqueduct
Network Table - Links
                        	Length          	Diameter        	Flow            	Velocity        	Unit Headloss   	Friction Factor 
 Link ID                	m               	mm              	LPS             	m/s             	m/km            	                
Pipe 0                  	457.01          	125.00          	-8.14           	0.66            	5.09            	0.028           
Pipe 1                  	36.1            	80.00           	2.67            	0.53            	5.66            	0.032           
Pipe 2                  	52.55           	60.00           	1.34            	0.47            	6.45            	0.034           
Pipe 3                  	31.24           	80.00           	2.84            	0.56            	6.36            	0.031           
Pipe 4                  	44.09           	60.00           	1.19            	0.42            	5.13            	0.034           
Pipe 5                  	712.14          	200.00          	19.14           	0.61            	2.51            	0.027           
Pipe 6                  	488.47          	250.00          	-35.31          	0.72            	2.63            	0.025           
Pipe 7                  	53.96           	60.00           	1.05            	0.37            	4.08            	0.035           
Pipe 8                  	271.32          	100.00          	4.62            	0.59            	5.29            	0.030           
Pipe 9                  	12.35           	80.00           	2.25            	0.45            	4.15            	0.032           
Pipe 10                 	494.36          	125.00          	8.47            	0.69            	5.48            	0.028           
Pipe 11                 	345.3           	100.00          	5.83            	0.74            	8.14            	0.029           
Pipe 12                 	138.34          	60.00           	1.69            	0.60            	9.90            	0.033           
Pipe 13                 	100.03          	60.00           	1.76            	0.62            	10.66           	0.032           
Pipe 14                 	251.04          	60.00           	1.28            	0.45            	5.90            	0.034           
Pipe 15                 	524.04          	250.00          	-40.59          	0.83            	3.41            	0.024           
Pipe 16                 	128.47          	60.00           	1.23            	0.44            	5.53            	0.034           
Pipe 17                 	26.34           	60.00           	1.38            	0.49            	6.77            	0.034           
Pipe 18                 	10.66           	80.00           	2.56            	0.51            	5.25            	0.032           
Pipe 19                 	491.41          	60.00           	1.10            	0.39            	4.46            	0.035           
Pipe 20                 	47.5            	80.00           	2.21            	0.44            	4.00            	0.033           
Pipe 21                 	49.55           	80.00           	2.06            	0.41            	3.52            	0.033           
Pipe 22                 	36.48           	60.00           	1.53            	0.54            	8.18            	0.033           
Pipe 23                 	28.08           	60.00           	1.46            	0.52            	7.59            	0.033           
Pipe 24                 	53.27           	80.00           	2.36            	0.47            	4.53            	0.032           
Pipe 25                 	21.63           	80.00           	3.36            	0.67            	8.68            	0.031           
Pipe 26                 	946.56          	250.00          	-47.30          	0.96            	4.53            	0.024           
Pipe 27                 	54.65           	100.00          	4.24            	0.54            	4.50            	0.030           
Pipe 28                 	237.47          	80.00           	2.36            	0.47            	4.54            	0.032           
Pipe 29                 	28.12           	60.00           	0.99            	0.35            	3.67            	0.035           
Pipe 30                 	199.77          	60.00           	0.66            	0.23            	1.73            	0.037           
Pipe 31                 	58.0            	60.00           	-0.29           	0.10            	0.38            	0.042           
Pipe 32                 	112.62          	60.00           	-0.48           	0.17            	0.96            	0.039           
Pipe 33                 	183.98          	60.00           	0.55            	0.19            	1.24            	0.038           
Pipe 34                 	89.18           	60.00           	-0.40           	0.14            	0.68            	0.040           
Pipe 35                 	41.19           	60.00           	-0.70           	0.25            	1.94            	0.037           
Pipe 36                 	70.87           	60.00           	0.11            	0.04            	0.06            	0.049           
Pipe 37                 	175.26          	60.00           	0.44            	0.16            	0.82            	0.040           
Pipe 38                 	66.85           	60.00           	-0.51           	0.18            	1.07            	0.039           
Pipe 39                 	135.49          	60.00           	0.04            	0.02            	0.01            	0.056           
Pipe 40                 	29.33           	60.00           	-0.85           	0.30            	2.80            	0.036           
Pipe 41                 	12.19           	60.00           	-0.22           	0.08            	0.23            	0.044           
Pipe 42                 	21.66           	60.00           	0.11            	0.04            	0.06            	0.049           
Pipe 43                 	60.4            	60.00           	-0.33           	0.12            	0.48            	0.042           
Pipe 44                 	28.62           	60.00           	0.22            	0.08            	0.23            	0.044           
Pipe 45                 	32.3            	60.00           	-0.66           	0.23            	1.75            	0.037           
Pipe 46                 	49.66           	60.00           	0.45            	0.16            	0.84            	0.040           
Pipe 47                 	34.23           	60.00           	-0.68           	0.24            	1.84            	0.037           
Pipe 48                 	85.17           	60.00           	0.35            	0.12            	0.53            	0.041           
Pipe 49                 	30.55           	60.00           	0.00            	0.00            	0.00            	0.000           
Pipe 50                 	53.27           	60.00           	-0.77           	0.27            	2.31            	0.037           
Pipe 51                 	36.48           	60.00           	0.33            	0.12            	0.48            	0.041           
Pipe 52                 	26.56           	60.00           	0.22            	0.08            	0.23            	0.044           
Pipe 53                 	70.66           	60.00           	-0.34           	0.12            	0.50            	0.041           
Pipe 54                 	89.76           	60.00           	-0.28           	0.10            	0.36            	0.042           
Pipe 55                 	85.8            	60.00           	-1.40           	0.50            	7.02            	0.033           
Pipe 56                 	105.59          	60.00           	0.81            	0.29            	2.56            	0.036           
Pipe 57                 	115.27          	60.00           	0.48            	0.17            	0.96            	0.039           
Pipe 58                 	92.21           	60.00           	1.15            	0.41            	4.85            	0.035           
Pipe 59                 	97.83           	60.00           	-0.09           	0.03            	0.04            	0.051           
Pipe 60                 	57.14           	60.00           	0.39            	0.14            	0.66            	0.040           
Pipe 61                 	75.38           	60.00           	0.40            	0.14            	0.69            	0.040           
Pipe 62                 	47.47           	60.00           	-0.31           	0.11            	0.42            	0.042           
Pipe 63                 	27.0            	60.00           	0.68            	0.24            	1.82            	0.037           
Pipe 64                 	81.74           	60.00           	0.22            	0.08            	0.23            	0.044           
Pipe 65                 	53.26           	60.00           	0.82            	0.29            	2.60            	0.036           
Pipe 66                 	51.0            	60.00           	-0.60           	0.21            	1.46            	0.038           
Pipe 67                 	31.3            	60.00           	0.40            	0.14            	0.70            	0.040           
Pipe 68                 	79.32           	60.00           	0.28            	0.10            	0.36            	0.043           
Pipe 69                 	90.2            	60.00           	-0.18           	0.07            	0.16            	0.045           
Pipe 70                 	81.87           	60.00           	0.48            	0.17            	0.94            	0.039           
Pipe 71                 	93.22           	60.00           	-0.86           	0.31            	2.85            	0.036           
Pipe 72                 	23.45           	60.00           	0.45            	0.16            	0.84            	0.040           
Pipe 73                 	53.13           	60.00           	-0.47           	0.17            	0.93            	0.039           
Pipe 74                 	29.0            	60.00           	0.40            	0.14            	0.68            	0.040           
Pipe 75                 	64.77           	60.00           	0.64            	0.23            	1.65            	0.038           
Pipe 76                 	28.66           	60.00           	-0.11           	0.04            	0.06            	0.049           
Pipe 77                 	51.88           	60.00           	-0.79           	0.28            	2.44            	0.036           
Pipe 78                 	30.18           	60.00           	0.15            	0.05            	0.12            	0.047           
Pipe 79                 	30.43           	60.00           	-1.06           	0.37            	4.16            	0.035           
Pipe 80                 	32.91           	60.00           	-0.73           	0.26            	2.07            	0.037           
Pipe 81                 	29.17           	60.00           	-0.74           	0.26            	2.13            	0.037           
Pipe 82                 	45.65           	60.00           	-0.32           	0.11            	0.45            	0.042           
Pipe 83                 	42.84           	60.00           	0.22            	0.08            	0.23            	0.044           
Pipe 84                 	50.01           	60.00           	-0.67           	0.24            	1.80            	0.037           
Pipe 85                 	69.48           	60.00           	-1.23           	0.44            	5.51            	0.034           
Pipe 86                 	30.48           	60.00           	1.08            	0.38            	4.31            	0.035           
Pipe 87                 	73.32           	80.00           	-2.73           	0.54            	5.91            	0.032           
Pipe 88                 	91.79           	60.00           	0.65            	0.23            	1.68            	0.038           
Pipe 89                 	12.05           	60.00           	0.11            	0.04            	0.06            	0.049           
Pipe 90                 	45.36           	60.00           	0.51            	0.18            	1.09            	0.039           
Pipe 91                 	15.73           	60.00           	0.11            	0.04            	0.06            	0.049           
Pipe 92                 	50.34           	60.00           	0.29            	0.10            	0.39            	0.042           
Pipe 93                 	103.78          	60.00           	-1.08           	0.38            	4.28            	0.035           
Pipe 94                 	27.41           	60.00           	1.18            	0.42            	5.12            	0.034           
Pipe 95                 	104.93          	60.00           	0.71            	0.25            	1.99            	0.037           
Pipe 96                 	53.95           	60.00           	0.96            	0.34            	3.50            	0.035           
Pipe 97                 	68.75           	60.00           	0.11            	0.04            	0.06            	0.049           
Pipe 98                 	49.6            	60.00           	0.29            	0.10            	0.39            	0.042           
Pipe 99                 	45.2            	60.00           	0.37            	0.13            	0.58            	0.041           
Pipe 100                	42.46           	60.00           	-0.45           	0.16            	0.87            	0.040           
Pipe 101                	31.01           	60.00           	0.62            	0.22            	1.57            	0.038           
Pipe 102                	25.16           	60.00           	-0.56           	0.20            	1.30            	0.038           
Pipe 103                	36.51           	60.00           	0.51            	0.18            	1.09            	0.039           
Pipe 104                	70.86           	60.00           	0.01            	0.00            	0.00            	0.067           
Pipe 105                	74.2            	60.00           	0.25            	0.09            	0.28            	0.043           
Pipe 106                	19.57           	60.00           	-0.10           	0.04            	0.05            	0.049           
Pipe 107                	48.53           	60.00           	0.14            	0.05            	0.09            	0.047           
Pipe 108                	48.51           	60.00           	0.30            	0.11            	0.41            	0.042           
Pipe 109                	33.34           	60.00           	-0.19           	0.07            	0.18            	0.045           
Pipe 110                	30.84           	60.00           	0.22            	0.08            	0.23            	0.044           
Pipe 111                	31.42           	60.00           	0.58            	0.21            	1.37            	0.038           
Pipe 112                	34.25           	60.00           	0.47            	0.17            	0.93            	0.039           
Pipe 113                	30.57           	60.00           	-0.03           	0.01            	0.01            	0.058           
Pipe 114                	22.59           	60.00           	-0.14           	0.05            	0.10            	0.047           
Pipe 115                	19.08           	60.00           	0.11            	0.04            	0.06            	0.049           
Pipe 116                	33.83           	60.00           	0.25            	0.09            	0.29            	0.043           
Pipe 117                	23.05           	60.00           	0.11            	0.04            	0.06            	0.049           
Pipe 118                	99.82           	60.00           	-0.77           	0.27            	2.31            	0.037           
Pipe 119                	103.81          	60.00           	0.66            	0.23            	1.73            	0.037           
Pipe 120                	127.39          	60.00           	-0.88           	0.31            	2.95            	0.036           
Pipe 121                	76.04           	60.00           	0.55            	0.19            	1.24            	0.038           
Pipe 122                	47.02           	60.00           	-0.62           	0.22            	1.55            	0.038           
Pipe 123                	49.01           	60.00           	-0.37           	0.13            	0.59            	0.041           
Pipe 124                	55.26           	60.00           	0.11            	0.04            	0.06            	0.049           
Pipe 125                	53.04           	60.00           	0.33            	0.12            	0.48            	0.042           
Pipe 126                	57.76           	60.00           	-0.11           	0.04            	0.06            	0.049           
Pipe 127                	36.71           	60.00           	1.54            	0.54            	8.32            	0.033           
Pipe 128                	33.41           	60.00           	-1.76           	0.62            	10.66           	0.032           
Pipe 129                	33.72           	60.00           	0.87            	0.31            	2.86            	0.036           
Pipe 130                	57.56           	60.00           	0.56            	0.20            	1.30            	0.038           
Pipe 131                	49.38           	80.00           	-1.87           	0.37            	2.94            	0.033           
Pipe 132                	49.2            	60.00           	-0.08           	0.03            	0.04            	0.051           
Pipe 133                	41.89           	60.00           	-0.65           	0.23            	1.68            	0.038           
Pipe 134                	47.28           	60.00           	-0.48           	0.17            	0.96            	0.039           
Pipe 135                	84.64           	60.00           	0.22            	0.08            	0.23            	0.044           
Pipe 136                	35.68           	60.00           	-0.98           	0.35            	3.58            	0.035           
Pipe 137                	70.85           	60.00           	0.87            	0.31            	2.87            	0.036           
Pipe 138                	34.91           	60.00           	-0.85           	0.30            	2.74            	0.036           
Pipe 139                	89.11           	60.00           	-0.24           	0.09            	0.27            	0.043           
Pipe 140                	37.0            	80.00           	2.20            	0.44            	3.97            	0.033           
Pipe 141                	44.36           	60.00           	-1.44           	0.51            	7.38            	0.033           
Pipe 142                	36.03           	60.00           	-0.77           	0.27            	2.29            	0.037           
Pipe 143                	87.57           	60.00           	-0.19           	0.07            	0.17            	0.045           
Pipe 144                	34.49           	60.00           	0.44            	0.16            	0.81            	0.040           
Pipe 145                	35.81           	60.00           	-0.79           	0.28            	2.42            	0.036           
Pipe 146                	35.81           	80.00           	2.09            	0.42            	3.61            	0.033           
Pipe 147                	69.11           	60.00           	-1.11           	0.39            	4.57            	0.035           
Pipe 148                	34.99           	60.00           	-0.88           	0.31            	2.93            	0.036           
Pipe 149                	35.8            	60.00           	-1.09           	0.39            	4.38            	0.035           
Pipe 150                	35.34           	60.00           	0.22            	0.08            	0.23            	0.044           
Pipe 151                	58.25           	60.00           	-1.21           	0.43            	5.30            	0.034           
Pipe 152                	61.37           	60.00           	-1.20           	0.42            	5.24            	0.034           
Pipe 153                	65.72           	60.00           	0.11            	0.04            	0.06            	0.049           
Pipe 154                	57.99           	80.00           	-2.52           	0.50            	5.09            	0.032           
Pipe 155                	81.67           	60.00           	-1.11           	0.39            	4.53            	0.035           
Pipe 156                	124.01          	60.00           	-1.52           	0.54            	8.09            	0.033           
Pipe 157                	187.1           	60.00           	-1.22           	0.43            	5.44            	0.034           
Pipe 158                	46.29           	60.00           	-1.33           	0.47            	6.38            	0.034           
Pipe 159                	47.73           	60.00           	-1.44           	0.51            	7.39            	0.033           
Pipe 160                	153.06          	60.00           	-1.22           	0.43            	5.40            	0.034           
Pipe 161                	44.44           	60.00           	-0.72           	0.25            	2.03            	0.037           
Pipe 162                	61.33           	60.00           	-0.91           	0.32            	3.13            	0.036           
Pipe 163                	40.46           	80.00           	-2.24           	0.45            	4.09            	0.032           
Pipe 164                	63.52           	80.00           	-2.27           	0.45            	4.21            	0.032           
Pipe 165                	46.8            	60.00           	0.94            	0.33            	3.32            	0.036           
Pipe 166                	48.94           	60.00           	0.83            	0.29            	2.63            	0.036           
Pipe 167                	47.78           	60.00           	0.72            	0.25            	2.02            	0.037           
Pipe 168                	46.44           	80.00           	2.14            	0.43            	3.78            	0.033           
Pipe 169                	13.59           	60.00           	0.55            	0.19            	1.24            	0.038           
Pipe 170                	62.07           	60.00           	-0.66           	0.23            	1.73            	0.037           
Pipe 171                	44.67           	60.00           	0.44            	0.16            	0.82            	0.040           
Pipe 172                	34.45           	60.00           	-0.51           	0.18            	1.08            	0.039           
Pipe 173                	58.55           	60.00           	-0.26           	0.09            	0.30            	0.043           
Pipe 174                	58.65           	60.00           	0.15            	0.05            	0.11            	0.047           
Pipe 175                	34.61           	60.00           	0.18            	0.06            	0.16            	0.045           
Pipe 176                	36.4            	60.00           	-0.58           	0.20            	1.36            	0.038           
Pipe 177                	57.99           	60.00           	-0.04           	0.02            	0.01            	0.056           
Pipe 178                	34.31           	60.00           	-0.37           	0.13            	0.59            	0.041           
Pipe 179                	34.31           	60.00           	0.04            	0.01            	0.01            	0.056           
Pipe 180                	58.67           	60.00           	0.07            	0.02            	0.03            	0.052           
Pipe 181                	58.88           	60.00           	0.18            	0.06            	0.15            	0.046           
Pipe 182                	35.81           	60.00           	-0.52           	0.18            	1.12            	0.039           
Pipe 183                	35.22           	60.00           	-0.45           	0.16            	0.87            	0.040           
Pipe 184                	32.23           	80.00           	-1.98           	0.39            	3.26            	0.033           
Pipe 185                	44.92           	60.00           	-0.67           	0.24            	1.78            	0.037           
Pipe 186                	34.25           	60.00           	-0.53           	0.19            	1.14            	0.039           
Pipe 187                	44.94           	60.00           	-0.23           	0.08            	0.25            	0.044           
Pipe 188                	27.92           	60.00           	-1.01           	0.36            	3.83            	0.035           
Pipe 189                	48.91           	60.00           	-0.64           	0.23            	1.62            	0.038           
Pipe 190                	56.91           	60.00           	-0.87           	0.31            	2.88            	0.036           
Pipe 191                	73.14           	60.00           	0.76            	0.27            	2.24            	0.037           
Pipe 192                	60.17           	60.00           	-0.98           	0.35            	3.59            	0.035           
Pipe 193                	51.88           	80.00           	1.87            	0.37            	2.94            	0.033           
Pipe 194                	82.24           	60.00           	-1.22           	0.43            	5.42            	0.034           
Pipe 195                	46.37           	60.00           	-0.37           	0.13            	0.60            	0.041           
Pipe 196                	34.36           	60.00           	1.76            	0.62            	10.66           	0.032           
Pipe 197                	94.23           	60.00           	-0.57           	0.20            	1.33            	0.038           
Pipe 198                	74.58           	60.00           	-0.76           	0.27            	2.25            	0.037           
Pipe 199                	84.0            	60.00           	-1.05           	0.37            	4.12            	0.035           
Pipe 200                	46.5            	60.00           	0.98            	0.35            	3.60            	0.035           
Pipe 201                	47.5            	60.00           	-0.87           	0.31            	2.88            	0.036           
Pipe 202                	41.27           	60.00           	0.11            	0.04            	0.06            	0.049           
Pipe 203                	443.26          	60.00           	0.11            	0.04            	0.06            	0.049           
Pipe 204                	104.26          	60.00           	-0.22           	0.08            	0.23            	0.044           
Pipe 205                	68.24           	60.00           	-0.33           	0.12            	0.48            	0.042           
Pipe 206                	45.13           	60.00           	-0.17           	0.06            	0.14            	0.046           
Pipe 207                	56.23           	60.00           	-0.27           	0.10            	0.33            	0.043           
Pipe 208                	26.28           	60.00           	0.23            	0.08            	0.25            	0.044           
Pipe 209                	34.72           	60.00           	-0.34           	0.12            	0.51            	0.041           
Pipe 210                	28.4            	60.00           	0.12            	0.04            	0.08            	0.048           
Pipe 211                	35.24           	60.00           	-1.16           	0.41            	4.94            	0.034           
Pipe 212                	36.22           	60.00           	0.71            	0.25            	1.98            	0.037           
Pipe 213                	10.07           	60.00           	0.01            	0.00            	0.00            	0.068           
Pipe 214                	35.04           	60.00           	-1.27           	0.45            	5.84            	0.034           
Pipe 215                	35.23           	60.00           	0.60            	0.21            	1.45            	0.038           
Pipe 216                	76.03           	60.00           	1.29            	0.46            	6.01            	0.034           
Pipe 217                	51.46           	60.00           	0.81            	0.29            	2.52            	0.036           
Pipe 218                	24.7            	60.00           	1.18            	0.42            	5.09            	0.034           
Pipe 219                	24.97           	60.00           	0.70            	0.25            	1.92            	0.037           
Pipe 220                	59.59           	60.00           	-0.83           	0.29            	2.63            	0.036           
Pipe 221                	37.51           	60.00           	0.55            	0.19            	1.24            	0.038           
Pipe 222                	36.91           	60.00           	1.35            	0.48            	6.51            	0.034           
Pipe 223                	74.76           	60.00           	0.94            	0.33            	3.32            	0.036           
Pipe 224                	68.1            	60.00           	-0.35           	0.12            	0.53            	0.041           
Pipe 225                	67.79           	60.00           	0.77            	0.27            	2.31            	0.037           
Pipe 226                	36.36           	60.00           	1.18            	0.42            	5.08            	0.034           
Pipe 227                	18.23           	60.00           	1.42            	0.50            	7.12            	0.033           
Pipe 228                	33.57           	60.00           	1.35            	0.48            	6.57            	0.034           
Pipe 229                	34.8            	60.00           	0.31            	0.11            	0.43            	0.042           
Pipe 230                	68.27           	60.00           	0.20            	0.07            	0.19            	0.045           
Pipe 231                	101.24          	60.00           	0.85            	0.30            	2.78            	0.036           
Pipe 232                	25.9            	60.00           	-0.96           	0.34            	3.48            	0.035           
Pipe 233                	82.2            	60.00           	1.18            	0.42            	5.09            	0.034           
Pipe 234                	26.24           	60.00           	-0.44           	0.16            	0.82            	0.040           
Pipe 235                	6.66            	60.00           	-1.31           	0.46            	6.13            	0.034           
Pipe 236                	29.42           	60.00           	0.23            	0.08            	0.25            	0.044           
Pipe 237                	30.7            	60.00           	1.07            	0.38            	4.25            	0.035           
Pipe 238                	29.05           	60.00           	0.01            	0.00            	0.00            	0.064           
Pipe 239                	66.05           	60.00           	0.11            	0.04            	0.06            	0.049           
Pipe 240                	24.85           	60.00           	-0.10           	0.03            	0.05            	0.050           
Pipe 241                	7.43            	60.00           	-1.24           	0.44            	5.61            	0.034           
Pipe 242                	31.04           	60.00           	1.04            	0.37            	4.01            	0.035           
Pipe 243                	29.15           	60.00           	0.93            	0.33            	3.26            	0.036           
Pipe 244                	26.79           	60.00           	-0.82           	0.29            	2.58            	0.036           
Pipe 245                	32.1            	60.00           	0.72            	0.25            	2.04            	0.037           
Pipe 246                	29.29           	60.00           	0.61            	0.22            	1.50            	0.038           
Pipe 247                	27.33           	60.00           	0.11            	0.04            	0.06            	0.049           
Pipe 248                	15.72           	60.00           	-0.39           	0.14            	0.65            	0.040           
Pipe 249                	23.82           	60.00           	-0.50           	0.18            	1.04            	0.039           
Pipe 250                	35.23           	60.00           	-0.49           	0.17            	1.00            	0.039           
Pipe 251                	34.84           	60.00           	0.11            	0.04            	0.06            	0.049           
Pipe 252                	33.41           	60.00           	1.24            	0.44            	5.56            	0.034           
Pipe 253                	34.31           	60.00           	0.69            	0.24            	1.89            	0.037           
Pipe 254                	47.21           	60.00           	0.50            	0.18            	1.04            	0.039           
Pipe 255                	105.44          	60.00           	-0.23           	0.08            	0.25            	0.044           
Pipe 256                	33.49           	60.00           	-0.14           	0.05            	0.10            	0.047           
Pipe 257                	74.58           	60.00           	0.03            	0.01            	0.00            	0.059           
Pipe 258                	34.36           	60.00           	-0.19           	0.07            	0.17            	0.045           
Pipe 259                	60.82           	60.00           	-0.06           	0.02            	0.02            	0.054           
Pipe 260                	82.16           	60.00           	-0.08           	0.03            	0.04            	0.051           
Pipe 261                	34.78           	60.00           	-0.30           	0.10            	0.39            	0.042           
Pipe 262                	60.92           	60.00           	-0.01           	0.00            	0.00            	0.066           
Pipe 263                	104.32          	60.00           	0.01            	0.00            	0.00            	0.071           
Pipe 264                	34.6            	60.00           	-0.17           	0.06            	0.14            	0.046           
Pipe 265                	36.4            	60.00           	-0.19           	0.07            	0.18            	0.045           
Pipe 266                	35.12           	60.00           	-0.40           	0.14            	0.68            	0.040           
Pipe 267                	53.6            	60.00           	0.00            	0.00            	0.00            	0.069           
Pipe 268                	104.94          	60.00           	-0.01           	0.00            	0.00            	0.068           
Pipe 269                	36.09           	60.00           	-0.29           	0.10            	0.38            	0.042           
Pipe 270                	35.8            	60.00           	-0.29           	0.10            	0.39            	0.042           
Pipe 271                	34.86           	60.00           	-0.52           	0.18            	1.11            	0.039           
Pipe 272                	54.38           	60.00           	0.04            	0.01            	0.01            	0.056           
Pipe 273                	104.65          	60.00           	-0.03           	0.01            	0.01            	0.058           
Pipe 274                	35.1            	60.00           	-0.39           	0.14            	0.67            	0.040           
Pipe 275                	33.42           	60.00           	-0.42           	0.15            	0.73            	0.040           
Pipe 276                	46.76           	60.00           	0.18            	0.06            	0.16            	0.045           
Pipe 277                	105.05          	60.00           	-0.12           	0.04            	0.07            	0.048           
Pipe 278                	35.24           	60.00           	-0.46           	0.16            	0.90            	0.039           
Pipe 279                	36.4            	60.00           	-0.56           	0.20            	1.26            	0.038           
Pipe 280                	34.84           	60.00           	-0.39           	0.14            	0.66            	0.040           
Pipe 281                	34.62           	60.00           	-0.79           	0.28            	2.40            	0.036           
Pipe 282                	35.22           	60.00           	-1.13           	0.40            	4.68            	0.035           
Pipe 283                	36.33           	60.00           	-0.11           	0.04            	0.06            	0.049           
Pipe 284                	36.53           	60.00           	-0.33           	0.12            	0.48            	0.041           
Pipe 285                	62.2            	60.00           	0.11            	0.04            	0.06            	0.049           
Pipe 286                	37.93           	60.00           	-0.44           	0.16            	0.82            	0.040           
Pipe 287                	74.74           	60.00           	-0.55           	0.19            	1.24            	0.038           
Pipe 288                	33.46           	60.00           	-0.66           	0.23            	1.73            	0.037           
Pipe 289                	27.81           	60.00           	-0.77           	0.27            	2.31            	0.037           
Pipe 290                	324.78          	60.00           	-0.88           	0.31            	2.95            	0.036           
Pipe 291                	140.18          	60.00           	-0.99           	0.35            	3.67            	0.035           
Pipe 292                	38.05           	60.00           	-0.71           	0.25            	1.97            	0.037           
Pipe 293                	192.22          	60.00           	-0.39           	0.14            	0.66            	0.040           
Pipe 294                	38.85           	80.00           	-2.64           	0.53            	5.56            	0.032           
Pipe 295                	129.62          	80.00           	2.53            	0.50            	5.14            	0.032           
Pipe 296                	41.42           	60.00           	1.49            	0.53            	7.78            	0.033           
Pipe 297                	58.13           	60.00           	1.08            	0.38            	4.32            	0.035           
Pipe 298                	40.24           	60.00           	1.34            	0.47            	6.43            	0.034           
Pipe 299                	39.23           	60.00           	1.38            	0.49            	6.75            	0.034           
Pipe 300                	36.57           	60.00           	0.97            	0.34            	3.54            	0.035           
Pipe 301                	38.14           	60.00           	1.23            	0.43            	5.48            	0.034           
Pipe 302                	41.34           	60.00           	1.27            	0.45            	5.78            	0.034           
Pipe 303                	36.15           	60.00           	1.38            	0.49            	6.77            	0.034           
Pipe 304                	52.05           	60.00           	0.88            	0.31            	2.94            	0.036           
Pipe 305                	40.63           	60.00           	1.16            	0.41            	4.89            	0.034           
Pipe 306                	55.59           	60.00           	1.05            	0.37            	4.06            	0.035           
Pipe 307                	33.76           	60.00           	0.93            	0.33            	3.26            	0.036           
Pipe 308                	201.03          	60.00           	0.01            	0.00            	0.00            	0.066           
Pipe 309                	47.48           	60.00           	0.11            	0.04            	0.06            	0.049           
Pipe 310                	34.18           	60.00           	0.65            	0.23            	1.69            	0.038           
Pipe 311                	37.92           	60.00           	-0.75           	0.27            	2.22            	0.037           
Pipe 312                	31.01           	60.00           	0.15            	0.05            	0.11            	0.047           
Pipe 313                	31.6            	60.00           	-0.86           	0.31            	2.86            	0.036           
Pipe 314                	17.06           	60.00           	0.13            	0.05            	0.09            	0.048           
Pipe 315                	40.96           	60.00           	-0.09           	0.03            	0.05            	0.050           
Pipe 316                	23.37           	60.00           	-0.09           	0.03            	0.04            	0.051           
Pipe 317                	52.0            	60.00           	-0.02           	0.01            	0.00            	0.062           
Pipe 318                	22.96           	60.00           	-0.20           	0.07            	0.19            	0.045           
Pipe 319                	21.03           	60.00           	-0.10           	0.04            	0.06            	0.049           
Pipe 320                	24.3            	60.00           	-0.20           	0.07            	0.20            	0.045           
Pipe 321                	16.52           	60.00           	-0.21           	0.08            	0.22            	0.044           
Pipe 322                	28.62           	60.00           	-0.52           	0.18            	1.10            	0.039           
Pipe 323                	33.58           	60.00           	0.20            	0.07            	0.19            	0.045           
Pipe 324                	27.27           	60.00           	-0.32           	0.11            	0.46            	0.042           
Pipe 325                	23.62           	60.00           	0.43            	0.15            	0.80            	0.040           
Pipe 326                	39.04           	60.00           	-1.06           	0.37            	4.17            	0.035           
Pipe 327                	48.17           	60.00           	-0.40           	0.14            	0.69            	0.040           
Pipe 328                	54.5            	60.00           	-0.77           	0.27            	2.29            	0.037           
Pipe 329                	34.66           	60.00           	-0.11           	0.04            	0.06            	0.049           
Pipe 330                	83.14           	60.00           	-0.22           	0.08            	0.23            	0.044           
Pipe 331                	102.71          	60.00           	-0.45           	0.16            	0.85            	0.040           
Pipe 332                	53.79           	60.00           	0.12            	0.04            	0.07            	0.048           
Pipe 333                	54.23           	60.00           	-0.56           	0.20            	1.27            	0.038           
Pipe 334                	26.49           	60.00           	0.01            	0.00            	0.00            	0.089           
Pipe 335                	56.51           	60.00           	-0.11           	0.04            	0.06            	0.049           
Pipe 336                	55.15           	60.00           	-0.22           	0.08            	0.23            	0.044           
Pipe 337                	20.76           	60.00           	-0.27           	0.10            	0.34            	0.043           
Pipe 338                	25.27           	60.00           	-0.06           	0.02            	0.02            	0.054           
Pipe 339                	78.98           	60.00           	-0.37           	0.13            	0.61            	0.041           
Pipe 340                	20.03           	60.00           	-0.17           	0.06            	0.14            	0.046           
Pipe 341                	31.91           	60.00           	0.56            	0.20            	1.28            	0.038           
Pipe 342                	44.72           	60.00           	0.45            	0.16            	0.85            	0.040           
Pipe 343                	33.73           	60.00           	-0.48           	0.17            	0.98            	0.039           
Pipe 344                	22.46           	60.00           	0.50            	0.18            	1.02            	0.039           
Pipe 345                	50.5            	60.00           	-0.64           	0.23            	1.64            	0.038           
Pipe 346                	84.12           	60.00           	0.39            	0.14            	0.64            	0.041           
Pipe 347                	37.83           	60.00           	-0.75           	0.27            	2.20            	0.037           
Pipe 348                	21.66           	60.00           	0.28            	0.10            	0.35            	0.043           
Pipe 349                	52.11           	60.00           	0.11            	0.04            	0.06            	0.049           
Pipe 350                	138.26          	60.00           	-0.27           	0.10            	0.34            	0.043           
Pipe 351                	187.26          	60.00           	0.16            	0.06            	0.13            	0.046           
Pipe 352                	88.12           	60.00           	-0.17           	0.06            	0.14            	0.046           
Pipe 353                	41.33           	60.00           	-0.22           	0.08            	0.22            	0.044           
Pipe 354                	126.05          	60.00           	0.33            	0.12            	0.48            	0.042           
Pipe 355                	168.78          	60.00           	-0.28           	0.10            	0.34            	0.043           
Pipe 356                	56.43           	60.00           	-0.28           	0.10            	0.35            	0.043           
Pipe 357                	41.41           	60.00           	-0.33           	0.12            	0.47            	0.042           
Pipe 358                	84.36           	60.00           	0.22            	0.08            	0.23            	0.044           
Pipe 359                	198.52          	60.00           	-0.27           	0.09            	0.32            	0.043           
Pipe 360                	82.93           	60.00           	-0.12           	0.04            	0.07            	0.048           
Pipe 361                	44.38           	60.00           	-0.11           	0.04            	0.06            	0.049           
Pipe 362                	55.48           	60.00           	-0.22           	0.08            	0.23            	0.044           
Pipe 363                	52.4            	60.00           	-0.16           	0.06            	0.12            	0.046           
Pipe 364                	75.17           	60.00           	-0.17           	0.06            	0.14            	0.046           
Pipe 365                	54.56           	60.00           	-0.11           	0.04            	0.06            	0.049           
Pipe 366                	45.99           	60.00           	0.27            	0.09            	0.33            	0.043           
Pipe 367                	35.57           	60.00           	-0.49           	0.17            	0.99            	0.039           
Pipe 368                	67.14           	60.00           	-0.43           	0.15            	0.78            	0.040           
Pipe 369                	40.71           	60.00           	-0.17           	0.06            	0.14            	0.046           
Pipe 370                	51.49           	60.00           	0.22            	0.08            	0.23            	0.044           
Pipe 371                	51.72           	60.00           	-0.31           	0.11            	0.43            	0.042           
Pipe 372                	70.64           	60.00           	-0.19           	0.07            	0.17            	0.045           
Pipe 373                	117.98          	60.00           	0.11            	0.04            	0.06            	0.049           
Pipe 374                	46.51           	60.00           	-0.38           	0.13            	0.63            	0.041           
Pipe 375                	67.76           	60.00           	-0.04           	0.01            	0.01            	0.057           
Pipe 376                	57.36           	60.00           	-0.20           	0.07            	0.19            	0.045           
Pipe 377                	192.01          	60.00           	-0.10           	0.04            	0.05            	0.049           
Pipe 378                	35.53           	60.00           	-0.54           	0.19            	1.19            	0.039           
Pipe 379                	67.13           	60.00           	-0.57           	0.20            	1.32            	0.038           
Pipe 380                	67.22           	60.00           	-0.09           	0.03            	0.04            	0.050           
Pipe 381                	45.96           	60.00           	-1.04           	0.37            	4.02            	0.035           
Pipe 382                	75.23           	60.00           	-0.18           	0.06            	0.15            	0.045           
Pipe 383                	59.27           	60.00           	0.35            	0.12            	0.53            	0.041           
Pipe 384                	66.96           	60.00           	-0.60           	0.21            	1.45            	0.038           
Pipe 385                	196.51          	60.00           	0.05            	0.02            	0.01            	0.053           
Pipe 386                	49.06           	60.00           	-1.22           	0.43            	5.43            	0.034           
Pipe 387                	70.18           	60.00           	0.07            	0.03            	0.03            	0.052           
Pipe 388                	40.35           	60.00           	-1.07           	0.38            	4.24            	0.035           
Pipe 389                	187.96          	60.00           	0.18            	0.06            	0.16            	0.045           
Pipe 390                	81.96           	60.00           	-0.28           	0.10            	0.35            	0.042           
Pipe 391                	92.65           	60.00           	0.07            	0.02            	0.02            	0.053           
Pipe 392                	81.05           	60.00           	-0.45           	0.16            	0.87            	0.040           
Pipe 393                	89.64           	60.00           	0.12            	0.04            	0.07            	0.048           
Pipe 394                	46.27           	60.00           	-1.33           	0.47            	6.37            	0.034           
Pipe 395                	42.63           	60.00           	-1.11           	0.39            	4.52            	0.035           
Pipe 396                	85.87           	60.00           	-0.75           	0.27            	2.20            	0.037           
Pipe 397                	85.89           	60.00           	0.37            	0.13            	0.59            	0.041           
Pipe 398                	35.94           	60.00           	0.92            	0.33            	3.21            	0.036           
Pipe 399                	40.95           	60.00           	-1.73           	0.61            	10.34           	0.032           
Pipe 400                	188.23          	60.00           	0.51            	0.18            	1.09            	0.039           
Pipe 401                	63.98           	60.00           	0.81            	0.29            	2.53            	0.036           
Pipe 402                	71.46           	60.00           	0.70            	0.25            	1.93            	0.037           
Pipe 403                	41.18           	60.00           	1.52            	0.54            	8.08            	0.033           
Pipe 404                	31.55           	60.00           	0.59            	0.21            	1.41            	0.038           
Pipe 405                	34.28           	60.00           	0.48            	0.17            	0.96            	0.039           
Pipe 406                	65.02           	60.00           	0.09            	0.03            	0.05            	0.050           
Pipe 407                	41.02           	60.00           	-0.34           	0.12            	0.52            	0.041           
Pipe 408                	41.29           	60.00           	-0.72           	0.26            	2.05            	0.037           
Pipe 409                	41.41           	60.00           	-0.83           	0.29            	2.66            	0.036           
Pipe 410                	189.26          	60.00           	0.57            	0.20            	1.34            	0.038           
Pipe 411                	81.43           	60.00           	0.35            	0.12            	0.52            	0.041           
Pipe 412                	84.57           	60.00           	0.26            	0.09            	0.30            	0.043           
Pipe 413                	78.08           	60.00           	0.26            	0.09            	0.32            	0.043           
Pipe 414                	91.14           	60.00           	0.22            	0.08            	0.23            	0.044           
Pipe 415                	83.02           	60.00           	-0.11           	0.04            	0.06            	0.049           
Pipe 416                	39.13           	60.00           	0.11            	0.04            	0.06            	0.049           
Pipe 417                	74.06           	60.00           	0.11            	0.04            	0.06            	0.049           
Pipe 418                	119.52          	60.00           	-0.22           	0.08            	0.23            	0.044           
Pipe 419                	21.77           	60.00           	-0.33           	0.12            	0.48            	0.041           
Pipe 420                	85.9            	60.00           	-0.66           	0.23            	1.73            	0.037           
Pipe 421                	20.2            	60.00           	0.22            	0.08            	0.23            	0.044           
Pipe 422                	53.82           	60.00           	-0.11           	0.04            	0.06            	0.049           
Pipe 423                	40.98           	60.00           	-0.53           	0.19            	1.14            	0.039           
Pipe 424                	47.89           	60.00           	0.31            	0.11            	0.42            	0.042           
Pipe 425                	47.15           	60.00           	-1.21           	0.43            	5.33            	0.034           
Pipe 426                	47.66           	60.00           	0.57            	0.20            	1.34            	0.038           
Pipe 427                	39.85           	60.00           	-0.12           	0.04            	0.08            	0.048           
Pipe 428                	46.77           	60.00           	0.32            	0.11            	0.45            	0.042           
Pipe 429                	245.03          	60.00           	-0.48           	0.17            	0.96            	0.039           
Pipe 430                	76.64           	60.00           	0.37            	0.13            	0.60            	0.041           
Pipe 431                	29.6            	60.00           	-0.59           	0.21            	1.41            	0.038           
Pipe 432                	38.38           	60.00           	-1.06           	0.37            	4.16            	0.035           
Pipe 433                	44.18           	60.00           	1.32            	0.47            	6.26            	0.034           
Pipe 434                	26.64           	60.00           	-0.70           	0.25            	1.94            	0.037           
Pipe 435                	43.41           	60.00           	-1.17           	0.41            	5.00            	0.034           
Pipe 436                	39.61           	60.00           	1.21            	0.43            	5.33            	0.034           
Pipe 437                	84.15           	60.00           	-0.77           	0.27            	2.31            	0.037           
Pipe 438                	42.11           	60.00           	-0.88           	0.31            	2.95            	0.036           
Pipe 439                	39.21           	60.00           	-0.99           	0.35            	3.67            	0.035           
Pipe 440                	29.39           	60.00           	0.11            	0.04            	0.06            	0.049           
Pipe 441                	24.85           	60.00           	-0.11           	0.04            	0.06            	0.049           
Pipe 442                	24.06           	60.00           	0.44            	0.16            	0.81            	0.040           
Pipe 443                	28.63           	60.00           	-0.66           	0.23            	1.73            	0.037           
Pipe 444                	10.88           	60.00           	0.11            	0.04            	0.06            	0.049           
Pipe 445                	24.58           	60.00           	0.22            	0.08            	0.22            	0.044           
Pipe 446                	23.13           	60.00           	0.92            	0.33            	3.22            	0.036           
Pipe 447                	11.46           	60.00           	0.54            	0.19            	1.20            	0.039           
Pipe 448                	31.24           	60.00           	0.49            	0.17            	0.99            	0.039           
Pipe 449                	31.05           	60.00           	0.43            	0.15            	0.79            	0.040           
Pipe 450                	11.8            	60.00           	0.38            	0.13            	0.62            	0.041           
Pipe 451                	147.09          	60.00           	1.65            	0.58            	9.46            	0.033           
Pipe 452                	118.26          	60.00           	-1.43           	0.51            	7.26            	0.033           
Pipe 453                	62.93           	60.00           	1.32            	0.47            	6.26            	0.034           
Pipe 454                	37.59           	60.00           	-1.54           	0.54            	8.32            	0.033           
Pipe 455                	48.16           	60.00           	0.34            	0.12            	0.51            	0.041           
Pipe 456                	66.92           	60.00           	0.23            	0.08            	0.24            	0.044           
Pipe 457                	35.38           	60.00           	0.00            	0.00            	0.00            	0.000           
Pipe 458                	48.15           	60.00           	0.22            	0.08            	0.23            	0.044           
Pipe 459                	35.33           	60.00           	-0.10           	0.04            	0.05            	0.049           
Pipe 460                	67.04           	60.00           	0.21            	0.08            	0.21            	0.044           
Pipe 461                	51.02           	60.00           	0.11            	0.04            	0.06            	0.049           
Pipe 462                	43.21           	60.00           	1.10            	0.39            	4.46            	0.035           
Pipe 463                	88.05           	60.00           	-0.11           	0.04            	0.06            	0.049           
Pipe 464                	24.5            	60.00           	-0.28           	0.10            	0.36            	0.043           
Pipe 465                	19.7            	60.00           	0.06            	0.02            	0.02            	0.053           
Pipe 466                	102.79          	60.00           	-0.39           	0.14            	0.66            	0.040           
Pipe 467                	23.37           	60.00           	-0.05           	0.02            	0.01            	0.055           
Pipe 468                	46.89           	60.00           	-0.11           	0.04            	0.06            	0.049           
Pipe 469                	358.72          	60.00           	-0.22           	0.08            	0.23            	0.044           
Pipe 470                	560.89          	60.00           	-0.33           	0.12            	0.48            	0.042           
Pipe 471                	90.1            	60.00           	-0.33           	0.12            	0.47            	0.042           
Pipe 472                	37.72           	60.00           	-0.11           	0.04            	0.07            	0.048           
Pipe 473                	47.25           	60.00           	0.44            	0.15            	0.80            	0.040           
Pipe 474                	69.66           	60.00           	0.39            	0.14            	0.66            	0.040           
Pipe 475                	94.41           	60.00           	-0.94           	0.33            	3.32            	0.036           
Pipe 476                	29.27           	60.00           	0.33            	0.12            	0.47            	0.042           
Pipe 477                	43.33           	60.00           	0.12            	0.04            	0.07            	0.048           
Pipe 478                	74.88           	60.00           	0.16            	0.06            	0.13            	0.046           
Pipe 479                	19.26           	60.00           	-1.05           	0.37            	4.08            	0.035           
Pipe 480                	45.19           	60.00           	0.11            	0.04            	0.06            	0.049           
Pipe 481                	67.27           	60.00           	0.11            	0.04            	0.06            	0.049           
Pipe 482                	39.29           	60.00           	-0.17           	0.06            	0.14            	0.046           
Pipe 483                	74.92           	60.00           	0.18            	0.06            	0.15            	0.046           
Pipe 484                	38.23           	60.00           	0.16            	0.06            	0.12            	0.046           
Pipe 485                	16.12           	60.00           	-1.16           	0.41            	4.90            	0.034           
Pipe 486                	39.24           	60.00           	0.22            	0.08            	0.24            	0.044           
Pipe 487                	39.4            	60.00           	-0.28           	0.10            	0.35            	0.043           
Pipe 488                	106.63          	60.00           	-0.71           	0.25            	2.00            	0.037           
Pipe 489                	39.98           	60.00           	-0.81           	0.29            	2.54            	0.036           
Pipe 490                	28.06           	60.00           	-0.01           	0.00            	0.00            	0.054           
Pipe 491                	78.41           	80.00           	-2.45           	0.49            	4.84            	0.032           
Pipe 492                	41.21           	60.00           	0.79            	0.28            	2.40            	0.037           
Pipe 493                	42.49           	60.00           	0.74            	0.26            	2.14            	0.037           
Pipe 494                	36.17           	60.00           	-0.12           	0.04            	0.07            	0.048           
Pipe 495                	30.86           	60.00           	0.73            	0.26            	2.10            	0.037           
Pipe 496                	97.11           	60.00           	0.16            	0.06            	0.12            	0.046           
Pipe 497                	46.28           	60.00           	0.35            	0.13            	0.55            	0.041           
Pipe 498                	40.5            	60.00           	0.11            	0.04            	0.06            	0.049           
Pipe 499                	29.67           	60.00           	0.24            	0.09            	0.28            	0.043           
Pipe 500                	12.17           	60.00           	-1.27           	0.45            	5.80            	0.034           
Pipe 501                	36.06           	60.00           	0.56            	0.20            	1.26            	0.038           
Pipe 502                	34.29           	60.00           	0.63            	0.22            	1.59            	0.038           
Pipe 503                	33.49           	60.00           	0.38            	0.13            	0.61            	0.041           
Pipe 504                	23.75           	60.00           	0.07            	0.02            	0.03            	0.052           
Pipe 505                	23.55           	60.00           	0.59            	0.21            	1.40            	0.038           
Pipe 506                	28.01           	60.00           	0.27            	0.09            	0.32            	0.043           
Pipe 507                	35.03           	60.00           	0.16            	0.06            	0.12            	0.046           
Pipe 508                	55.61           	60.00           	0.64            	0.22            	1.62            	0.038           
Pipe 509                	89.13           	60.00           	0.53            	0.19            	1.14            	0.039           
Pipe 510                	24.59           	60.00           	0.22            	0.08            	0.22            	0.044           
Pipe 511                	23.28           	60.00           	0.20            	0.07            	0.19            	0.045           
Pipe 512                	22.57           	60.00           	0.11            	0.04            	0.06            	0.049           
Pipe 513                	33.21           	60.00           	-0.02           	0.01            	0.00            	0.061           
Pipe 514                	35.26           	60.00           	0.11            	0.04            	0.07            	0.048           
Pipe 515                	48.0            	60.00           	0.11            	0.04            	0.06            	0.049           
Pipe 516                	52.04           	60.00           	0.11            	0.04            	0.06            	0.049           
Pipe 517                	36.73           	60.00           	-0.33           	0.12            	0.48            	0.042           
Pipe 518                	63.21           	60.00           	0.22            	0.08            	0.23            	0.044           
Pipe 519                	36.83           	60.00           	-0.44           	0.16            	0.82            	0.040           
Pipe 520                	36.88           	60.00           	0.11            	0.04            	0.06            	0.049           
Pipe 521                	35.63           	60.00           	0.44            	0.16            	0.82            	0.040           
Pipe 522                	37.0            	60.00           	0.33            	0.12            	0.48            	0.042           
Pipe 523                	63.22           	60.00           	0.22            	0.08            	0.23            	0.044           
Pipe 524                	37.21           	60.00           	0.11            	0.04            	0.06            	0.049           
