/Users/conrad/Documents/EC/Course_deuxiemme_annee/Project_Inno/Projet_P5C006/Monterusciello_solution/Monterusciello_acqueduct
Network Table - Nodes
                        	Elevation       	Head            	Pressure        
 Node ID                	m               	m               	m               
Junc 0                  	58.46           	164.27          	105.81          
Junc 1                  	72.36           	164.28          	91.92           
Junc 2                  	44.72           	164.26          	119.54          
Junc 3                  	90.04           	164.32          	74.28           
Junc 4                  	83.82           	164.26          	80.44           
Junc 5                  	33.6            	164.26          	130.66          
Junc 6                  	109.46          	164.37          	54.91           
Junc 7                  	124.3           	164.26          	39.96           
Junc 9                  	60.34           	164.10          	103.76          
Junc 10                 	61.39           	164.07          	102.68          
Junc 11                 	58.77           	164.10          	105.33          
Junc 12                 	59.63           	164.11          	104.48          
Junc 13                 	62.75           	164.05          	101.30          
Junc 14                 	56.3            	164.11          	107.81          
Junc 15                 	60.05           	164.12          	104.07          
Junc 16                 	64.36           	164.11          	99.75           
Junc 17                 	55.44           	164.12          	108.68          
Junc 18                 	55.68           	164.12          	108.44          
Junc 19                 	53.91           	164.12          	110.21          
Junc 20                 	54.76           	164.12          	109.36          
Junc 21                 	55.06           	164.12          	109.06          
Junc 22                 	55.04           	164.13          	109.09          
Junc 23                 	60.62           	164.04          	103.42          
Junc 24                 	61.44           	164.04          	102.60          
Junc 25                 	54.17           	164.12          	109.95          
Junc 26                 	61.71           	164.14          	102.43          
Junc 27                 	59.39           	164.20          	104.81          
Junc 28                 	65.27           	164.12          	98.85           
Junc 29                 	62.26           	164.13          	101.87          
Junc 30                 	60.54           	164.17          	103.63          
Junc 31                 	66.19           	164.12          	97.93           
Junc 32                 	64.79           	164.12          	99.33           
Junc 33                 	66.56           	164.12          	97.56           
Junc 34                 	59.69           	164.13          	104.44          
Junc 35                 	62.11           	164.13          	102.02          
Junc 36                 	61.13           	164.04          	102.91          
Junc 37                 	61.53           	164.04          	102.51          
Junc 38                 	53.58           	164.12          	110.54          
Junc 39                 	55.37           	164.13          	108.76          
Junc 40                 	56.27           	164.12          	107.85          
Junc 41                 	55.65           	164.14          	108.49          
Junc 42                 	55.17           	164.14          	108.97          
Junc 43                 	55.71           	164.14          	108.43          
Junc 44                 	56.11           	164.15          	108.04          
Junc 45                 	56.58           	164.15          	107.57          
Junc 46                 	57.85           	164.22          	106.37          
Junc 47                 	56.98           	164.14          	107.16          
Junc 48                 	56.42           	164.14          	107.72          
Junc 49                 	58.46           	164.23          	105.77          
Junc 50                 	59.67           	164.13          	104.46          
Junc 51                 	55.61           	164.14          	108.53          
Junc 52                 	59.31           	164.13          	104.82          
Junc 53                 	60.52           	164.17          	103.65          
Junc 54                 	63.03           	164.15          	101.12          
Junc 55                 	58.92           	164.24          	105.32          
Junc 56                 	60.49           	164.15          	103.66          
Junc 57                 	60.15           	164.13          	103.98          
Junc 58                 	66.22           	164.15          	97.93           
Junc 59                 	66.26           	164.13          	97.87           
Junc 60                 	66.7            	164.12          	97.42           
Junc 61                 	67.83           	164.12          	96.29           
Junc 62                 	67.49           	164.11          	96.62           
Junc 63                 	64.81           	164.11          	99.30           
Junc 64                 	63.19           	164.11          	100.92          
Junc 65                 	64.61           	164.11          	99.50           
Junc 66                 	67.77           	164.10          	96.33           
Junc 67                 	65.95           	164.10          	98.15           
Junc 68                 	68.15           	164.10          	95.95           
Junc 69                 	64.76           	164.10          	99.34           
Junc 70                 	66.42           	164.10          	97.68           
Junc 71                 	59.31           	164.13          	104.82          
Junc 72                 	62.08           	164.12          	102.04          
Junc 73                 	61.5            	164.12          	102.62          
Junc 74                 	63.18           	164.12          	100.94          
Junc 75                 	63.09           	164.12          	101.03          
Junc 76                 	62.6            	164.12          	101.52          
Junc 77                 	60.77           	164.12          	103.35          
Junc 78                 	62.56           	164.12          	101.56          
Junc 79                 	64.92           	164.10          	99.18           
Junc 80                 	65.93           	164.10          	98.17           
Junc 81                 	65.99           	164.10          	98.11           
Junc 82                 	74.02           	163.96          	89.94           
Junc 83                 	71.72           	163.98          	92.26           
Junc 84                 	73.3            	163.95          	90.65           
Junc 85                 	68.5            	164.02          	95.52           
Junc 86                 	70.05           	163.94          	93.89           
Junc 87                 	66.58           	162.22          	95.64           
Junc 88                 	71.04           	162.23          	91.19           
Junc 89                 	70.24           	162.20          	91.96           
Junc 90                 	70.78           	162.26          	91.48           
Junc 91                 	71.91           	164.02          	92.11           
Junc 92                 	67.59           	164.02          	96.43           
Junc 93                 	71.44           	163.94          	92.50           
Junc 94                 	68.57           	163.94          	95.37           
Junc 95                 	74.84           	162.48          	87.64           
Junc 96                 	74.28           	162.49          	88.21           
Junc 97                 	70.62           	162.46          	91.84           
Junc 98                 	73.65           	162.50          	88.85           
Junc 99                 	69.64           	162.50          	92.86           
Junc 100                	71.11           	162.41          	91.30           
Junc 101                	70.1            	162.50          	92.40           
Junc 102                	74.01           	162.51          	88.50           
Junc 103                	69.89           	162.50          	92.61           
Junc 104                	74.89           	162.52          	87.63           
Junc 105                	70.9            	162.52          	91.62           
Junc 106                	75.53           	162.52          	86.99           
Junc 107                	71.86           	162.54          	90.68           
Junc 108                	76.44           	162.52          	86.08           
Junc 109                	69.79           	162.64          	92.85           
Junc 110                	64.8            	162.53          	97.73           
Junc 111                	63.84           	162.64          	98.80           
Junc 112                	64.41           	162.68          	98.27           
Junc 113                	69.93           	162.67          	92.74           
Junc 114                	66.81           	162.71          	95.90           
Junc 115                	67.2            	162.74          	95.54           
Junc 116                	64.95           	162.72          	97.77           
Junc 117                	69.74           	164.24          	94.50           
Junc 118                	67.02           	164.22          	97.20           
Junc 119                	67.34           	164.20          	96.86           
Junc 120                	65.61           	162.81          	97.20           
Junc 121                	72.36           	164.26          	91.90           
Junc 122                	68.35           	162.17          	93.82           
Junc 123                	68.07           	162.17          	94.10           
Junc 124                	68.04           	162.18          	94.14           
Junc 125                	67.04           	162.16          	95.12           
Junc 126                	68.55           	162.18          	93.63           
Junc 127                	72.68           	162.18          	89.50           
Junc 128                	71.84           	162.16          	90.32           
Junc 129                	66.4            	162.16          	95.76           
Junc 130                	69.44           	162.19          	92.75           
Junc 131                	72.91           	162.18          	89.27           
Junc 132                	73.48           	162.19          	88.71           
Junc 133                	74.61           	162.19          	87.58           
Junc 134                	70.47           	162.31          	91.84           
Junc 135                	71.15           	162.36          	91.21           
Junc 136                	71.64           	162.16          	90.52           
Junc 137                	71.77           	164.02          	92.25           
Junc 138                	75.14           	164.03          	88.89           
Junc 139                	75.19           	164.03          	88.84           
Junc 140                	77.3            	164.03          	86.73           
Junc 141                	71.25           	164.15          	92.90           
Junc 142                	67.56           	164.16          	96.60           
Junc 143                	76.46           	164.13          	87.67           
Junc 144                	68.64           	164.18          	95.54           
Junc 145                	77.02           	164.08          	87.06           
Junc 146                	76.32           	164.17          	87.85           
Junc 147                	72.54           	164.18          	91.64           
Junc 148                	73.73           	164.21          	90.48           
Junc 149                	77.0            	164.04          	87.04           
Junc 150                	76.64           	164.18          	87.54           
Junc 151                	73.69           	164.19          	90.50           
Junc 152                	68.91           	163.93          	95.02           
Junc 153                	69.31           	163.93          	94.62           
Junc 154                	85.11           	164.14          	79.03           
Junc 155                	81.43           	164.13          	82.70           
Junc 156                	90.55           	164.14          	73.59           
Junc 157                	85.19           	164.14          	78.95           
Junc 158                	81.61           	164.16          	82.55           
Junc 159                	83.36           	164.16          	80.80           
Junc 160                	79.56           	164.16          	84.60           
Junc 161                	86.89           	164.16          	77.27           
Junc 162                	79.61           	164.17          	84.56           
Junc 163                	80.28           	164.15          	83.87           
Junc 164                	81.53           	164.20          	82.67           
Junc 165                	81.82           	164.16          	82.34           
Junc 166                	77.93           	164.19          	86.26           
Junc 167                	80.5            	164.15          	83.65           
Junc 168                	76.17           	164.18          	88.01           
Junc 169                	81.41           	164.20          	82.79           
Junc 170                	87.64           	164.22          	76.58           
Junc 171                	83.82           	164.23          	80.41           
Junc 172                	75.39           	164.16          	88.77           
Junc 173                	76.73           	164.19          	87.46           
Junc 174                	75.87           	164.18          	88.31           
Junc 175                	88.89           	164.18          	75.29           
Junc 176                	85.27           	164.15          	78.88           
Junc 177                	87.44           	164.19          	76.75           
Junc 178                	90.66           	164.11          	73.45           
Junc 179                	83.53           	164.15          	80.62           
Junc 180                	86.89           	164.20          	77.31           
Junc 181                	88.56           	164.19          	75.63           
Junc 182                	88.79           	164.19          	75.40           
Junc 183                	87.36           	164.19          	76.83           
Junc 184                	97.53           	164.19          	66.66           
Junc 185                	86.2            	164.20          	78.00           
Junc 186                	88.89           	164.18          	75.29           
Junc 187                	87.74           	164.16          	76.42           
Junc 188                	89.14           	164.17          	75.03           
Junc 189                	89.56           	164.15          	74.59           
Junc 190                	87.83           	164.14          	76.31           
Junc 191                	90.85           	164.14          	73.29           
Junc 192                	89.52           	164.14          	74.62           
Junc 193                	90.52           	164.14          	73.62           
Junc 194                	79.73           	164.14          	84.41           
Junc 195                	81.33           	164.13          	82.80           
Junc 196                	90.09           	164.09          	74.00           
Junc 197                	80.43           	164.18          	83.75           
Junc 198                	92.85           	164.08          	71.23           
Junc 199                	89.08           	164.08          	75.00           
Junc 200                	91.15           	164.08          	72.93           
Junc 201                	87.7            	164.08          	76.38           
Junc 202                	96.69           	164.08          	67.39           
Junc 203                	78.24           	164.08          	85.84           
Junc 204                	87.52           	164.08          	76.56           
Junc 205                	95.17           	164.08          	68.91           
Junc 206                	77.62           	164.08          	86.46           
Junc 207                	87.98           	164.08          	76.10           
Junc 208                	94.38           	164.08          	69.70           
Junc 209                	77.3            	164.08          	86.78           
Junc 210                	88.96           	164.09          	75.13           
Junc 211                	94.12           	164.08          	69.96           
Junc 212                	77.66           	164.08          	86.42           
Junc 213                	93.73           	164.09          	70.36           
Junc 214                	78.42           	164.09          	85.67           
Junc 215                	93.73           	164.09          	70.36           
Junc 216                	79.14           	164.10          	84.96           
Junc 217                	80.43           	164.11          	83.68           
Junc 218                	79.62           	164.14          	84.52           
Junc 219                	78.85           	164.14          	85.29           
Junc 220                	110.47          	163.80          	53.33           
Junc 221                	109.74          	163.80          	54.06           
Junc 222                	108.75          	163.80          	55.05           
Junc 223                	113.34          	163.80          	50.46           
Junc 224                	108.02          	163.81          	55.79           
Junc 225                	105.83          	163.81          	57.98           
Junc 226                	105.19          	163.82          	58.63           
Junc 227                	104.53          	163.83          	59.30           
Junc 228                	100.58          	163.91          	63.33           
Junc 229                	106.0           	163.95          	57.95           
Junc 230                	110.17          	164.01          	53.84           
Junc 231                	109.46          	164.09          	54.63           
Junc 232                	112.29          	163.77          	51.48           
Junc 233                	108.88          	164.06          	55.18           
Junc 234                	117.97          	163.75          	45.78           
Junc 235                	109.3           	163.75          	54.45           
Junc 236                	108.38          	164.03          	55.65           
Junc 237                	114.23          	164.01          	49.78           
Junc 238                	107.0           	164.01          	57.01           
Junc 239                	107.3           	163.99          	56.69           
Junc 240                	106.96          	163.97          	57.01           
Junc 241                	106.55          	163.96          	57.41           
Junc 242                	110.57          	163.97          	53.40           
Junc 243                	102.76          	163.96          	61.20           
Junc 244                	109.7           	163.96          	54.26           
Junc 245                	111.56          	163.98          	52.42           
Junc 246                	109.99          	163.96          	53.97           
Junc 247                	109.82          	163.96          	54.14           
Junc 248                	108.58          	163.96          	55.38           
Junc 249                	105.92          	163.96          	58.04           
Junc 250                	111.11          	163.96          	52.85           
Junc 251                	111.94          	163.96          	52.02           
Junc 252                	110.31          	163.96          	53.65           
Junc 253                	111.89          	163.96          	52.07           
Junc 254                	112.27          	163.97          	51.70           
Junc 255                	111.2           	163.96          	52.76           
Junc 256                	112.13          	163.96          	51.83           
Junc 257                	111.64          	163.98          	52.34           
Junc 258                	112.26          	163.98          	51.72           
Junc 259                	114.28          	163.99          	49.71           
Junc 260                	101.17          	163.71          	62.54           
Junc 261                	101.26          	163.71          	62.45           
Junc 262                	107.04          	163.71          	56.67           
Junc 263                	110.83          	163.72          	52.89           
Junc 264                	112.15          	163.71          	51.56           
Junc 265                	107.06          	163.71          	56.65           
Junc 266                	110.57          	163.71          	53.14           
Junc 267                	113.32          	163.71          	50.39           
Junc 268                	114.22          	163.71          	49.49           
Junc 269                	114.23          	163.71          	49.48           
Junc 270                	111.95          	163.73          	51.78           
Junc 271                	114.48          	163.72          	49.24           
Junc 272                	112.9           	163.72          	50.82           
Junc 273                	115.89          	163.72          	47.83           
Junc 274                	116.41          	163.72          	47.31           
Junc 275                	118.07          	163.73          	45.66           
Junc 276                	115.89          	163.71          	47.82           
Junc 277                	118.21          	163.74          	45.53           
Junc 278                	114.78          	163.71          	48.93           
Junc 279                	121.43          	163.74          	42.31           
Junc 280                	38.62           	164.12          	125.50          
Junc 281                	38.42           	164.12          	125.70          
Junc 282                	34.14           	164.11          	129.97          
Junc 283                	42.81           	164.12          	121.31          
Junc 284                	37.93           	164.12          	126.19          
Junc 285                	38.93           	164.11          	125.18          
Junc 286                	32.03           	164.12          	132.09          
Junc 287                	45.01           	164.08          	119.07          
Junc 288                	43.57           	164.09          	120.52          
Junc 289                	39.62           	164.09          	124.47          
Junc 290                	44.5            	164.09          	119.59          
Junc 291                	41.44           	164.09          	122.65          
Junc 292                	39.94           	164.09          	124.15          
Junc 293                	39.1            	164.09          	124.99          
Junc 294                	35.54           	164.09          	128.55          
Junc 295                	33.19           	164.09          	130.90          
Junc 296                	35.92           	164.09          	128.17          
Junc 297                	32.76           	164.09          	131.33          
Junc 298                	39.99           	164.10          	124.11          
Junc 299                	36.73           	164.09          	127.36          
Junc 300                	37.12           	164.10          	126.98          
Junc 301                	33.0            	164.09          	131.09          
Junc 302                	37.03           	164.12          	127.09          
Junc 303                	32.65           	164.10          	131.45          
Junc 304                	31.55           	164.09          	132.54          
Junc 305                	33.11           	164.09          	130.98          
Junc 306                	27.3            	164.09          	136.79          
Junc 307                	28.58           	164.09          	135.51          
Junc 308                	37.05           	164.14          	127.09          
Junc 309                	33.06           	164.12          	131.06          
Junc 310                	29.16           	164.10          	134.94          
Junc 311                	37.39           	164.17          	126.78          
Junc 312                	33.49           	164.13          	130.64          
Junc 313                	40.61           	164.16          	123.55          
Junc 314                	40.63           	164.14          	123.51          
Junc 315                	33.6            	164.17          	130.57          
Junc 316                	42.55           	164.13          	121.58          
Junc 317                	41.03           	164.13          	123.10          
Junc 318                	40.15           	164.12          	123.97          
Junc 319                	37.75           	164.12          	126.37          
Junc 320                	37.0            	164.12          	127.12          
Junc 321                	35.33           	164.13          	128.80          
Junc 322                	34.6            	164.14          	129.54          
Junc 323                	30.79           	164.12          	133.33          
Junc 324                	30.13           	164.12          	133.99          
Junc 325                	28.89           	164.09          	135.20          
Junc 326                	27.67           	164.09          	136.42          
Junc 327                	26.46           	164.09          	137.63          
Junc 328                	42.13           	164.11          	121.98          
Junc 329                	40.71           	164.11          	123.40          
Junc 330                	26.02           	164.09          	138.07          
Junc 331                	25.65           	164.09          	138.44          
Junc 332                	52.5            	163.97          	111.47          
Junc 333                	53.16           	163.97          	110.81          
Junc 334                	51.73           	163.98          	112.25          
Junc 335                	51.74           	163.98          	112.24          
Junc 336                	45.57           	163.88          	118.31          
Junc 337                	48.64           	163.88          	115.24          
Junc 338                	51.88           	163.88          	112.00          
Junc 339                	48.56           	163.87          	115.31          
Junc 340                	49.1            	164.10          	115.00          
Junc 341                	58.65           	164.12          	105.47          
Junc 342                	46.46           	164.10          	117.64          
Junc 343                	56.02           	164.12          	108.10          
Junc 344                	45.44           	164.11          	118.67          
Junc 345                	47.2            	164.07          	116.87          
Junc 346                	49.79           	163.99          	114.20          
Junc 347                	49.08           	164.01          	114.93          
Junc 348                	48.85           	164.02          	115.17          
Junc 349                	52.34           	163.98          	111.64          
Junc 350                	60.41           	164.14          	103.73          
Junc 351                	57.17           	164.14          	106.97          
Junc 352                	57.92           	164.13          	106.21          
Junc 353                	54.92           	164.14          	109.22          
Junc 354                	57.91           	164.13          	106.22          
Junc 355                	55.76           	164.13          	108.37          
Junc 356                	54.5            	164.13          	109.63          
Junc 357                	56.66           	164.13          	107.47          
Junc 358                	44.72           	164.16          	119.44          
Junc 359                	44.62           	164.13          	119.51          
Junc 360                	55.46           	164.13          	108.67          
Junc 361                	51.73           	163.94          	112.21          
Junc 362                	56.49           	164.01          	107.52          
Junc 363                	53.73           	163.90          	110.17          
Junc 364                	55.35           	164.04          	108.69          
Junc 365                	51.3            	163.88          	112.58          
Junc 366                	50.66           	163.87          	113.21          
Junc 367                	49.68           	163.87          	114.19          
Junc 368                	47.88           	163.87          	115.99          
Junc 369                	47.63           	163.87          	116.24          
Junc 370                	46.86           	163.87          	117.01          
Junc 371                	47.34           	163.87          	116.53          
Junc 372                	48.26           	164.05          	115.79          
Junc 373                	48.78           	164.03          	115.25          
Junc 374                	53.57           	163.98          	110.41          
Junc 375                	80.68           	164.21          	83.53           
Junc 376                	83.84           	164.21          	80.37           
Junc 377                	84.07           	164.21          	80.14           
Junc 378                	86.08           	164.21          	78.13           
Junc 379                	96.31           	164.17          	67.86           
Junc 380                	98.27           	164.17          	65.90           
Junc 381                	99.45           	164.18          	64.73           
Junc 382                	91.76           	164.20          	72.44           
Junc 383                	82.85           	164.21          	81.36           
Junc 384                	82.44           	164.20          	81.76           
Junc 385                	87.09           	164.20          	77.11           
Junc 386                	83.52           	164.25          	80.73           
Junc 387                	83.0            	164.20          	81.20           
Junc 388                	90.19           	164.20          	74.01           
Junc 389                	84.62           	164.20          	79.58           
Junc 390                	85.21           	164.27          	79.06           
Junc 391                	81.35           	164.20          	82.85           
Junc 392                	87.44           	164.20          	76.76           
Junc 393                	93.27           	164.20          	70.93           
Junc 394                	94.46           	164.20          	69.74           
Junc 395                	91.06           	164.20          	73.14           
Junc 396                	97.4            	164.21          	66.81           
Junc 397                	95.94           	164.21          	68.27           
Junc 398                	99.99           	164.21          	64.22           
Junc 399                	88.44           	164.22          	75.78           
Junc 400                	92.01           	164.21          	72.20           
Junc 401                	86.24           	164.21          	77.97           
Junc 402                	93.73           	164.21          	70.48           
Junc 403                	92.89           	164.21          	71.32           
Junc 404                	85.57           	164.28          	78.71           
Junc 405                	86.77           	164.29          	77.52           
Junc 406                	90.04           	164.30          	74.26           
Junc 407                	97.4            	164.21          	66.81           
Junc 408                	95.61           	164.21          	68.60           
Junc 409                	97.86           	164.21          	66.35           
Junc 410                	97.05           	164.21          	67.16           
Junc 411                	100.69          	164.20          	63.51           
Junc 412                	99.61           	164.20          	64.59           
Junc 413                	97.55           	164.20          	66.65           
Junc 414                	98.67           	164.20          	65.53           
Junc 415                	98.64           	164.20          	65.56           
Junc 416                	98.79           	164.20          	65.41           
Junc 417                	98.45           	164.20          	65.75           
Junc 418                	96.34           	164.20          	67.86           
Junc 419                	94.56           	164.20          	69.64           
Junc 420                	98.85           	164.20          	65.35           
Junc 421                	98.5            	164.20          	65.70           
Junc 422                	126.06          	164.24          	38.18           
Junc 423                	125.84          	164.24          	38.40           
Junc 424                	123.17          	164.24          	41.07           
Junc 425                	124.3           	164.25          	39.95           
Junc 426                	123.63          	164.24          	40.61           
Junc 427                	123.3           	164.24          	40.94           
Junc 428                	121.53          	164.24          	42.71           
Junc 429                	119.77          	164.24          	44.47           
Junc 430                	117.96          	164.24          	46.28           
Tank 8                  	161.5           	164.50          	3.00            
