/Users/conrad/Documents/EC/Course_deuxiemme_annee/Project_Inno/Projet_P5C006/Monterusciello_solution/Monterusciello_acqueduct
Network Table - Links
                        	Length          	Diameter        	Flow            	Velocity        	Unit Headloss   	Friction Factor 
 Link ID                	m               	mm              	LPS             	m/s             	m/km            	                
Pipe 0                  	457.01          	500             	-8.14           	0.04            	0.01            	0.030           
Pipe 1                  	36.1            	100             	2.56            	0.33            	2.07            	0.038           
Pipe 2                  	52.55           	100             	1.88            	0.24            	1.11            	0.038           
Pipe 3                  	31.24           	100             	2.02            	0.26            	1.36            	0.040           
Pipe 4                  	44.09           	100             	1.57            	0.20            	0.81            	0.040           
Pipe 5                  	712.14          	500             	19.14           	0.10            	0.03            	0.026           
Pipe 6                  	488.47          	500             	-35.31          	0.18            	0.08            	0.025           
Pipe 7                  	53.96           	100             	1.33            	0.17            	0.58            	0.040           
Pipe 8                  	271.32          	100             	4.62            	0.59            	5.42            	0.031           
Pipe 9                  	12.35           	100             	1.97            	0.25            	1.61            	0.050           
Pipe 10                 	494.36          	500             	8.47            	0.04            	0.01            	0.030           
Pipe 11                 	345.3           	500             	5.83            	0.03            	0.00            	0.032           
Pipe 12                 	138.34          	100             	1.69            	0.21            	0.85            	0.036           
Pipe 13                 	100.03          	100             	1.76            	0.22            	0.94            	0.037           
Pipe 14                 	251.04          	100             	1.28            	0.16            	0.50            	0.037           
Pipe 15                 	524.04          	500             	-40.59          	0.21            	0.10            	0.024           
Pipe 16                 	128.47          	100             	1.54            	0.20            	0.72            	0.037           
Pipe 17                 	26.34           	100             	1.64            	0.21            	0.95            	0.043           
Pipe 18                 	10.66           	100             	1.99            	0.25            	1.72            	0.053           
Pipe 19                 	491.41          	500             	1.10            	0.01            	0.00            	0.047           
Pipe 20                 	47.5            	100             	2.01            	0.26            	1.27            	0.038           
Pipe 21                 	49.55           	100             	1.91            	0.24            	1.15            	0.038           
Pipe 22                 	36.48           	100             	1.70            	0.22            	0.96            	0.040           
Pipe 23                 	28.08           	100             	1.64            	0.21            	0.94            	0.042           
Pipe 24                 	53.27           	100             	2.35            	0.30            	1.68            	0.037           
Pipe 25                 	21.63           	100             	3.37            	0.43            	3.82            	0.041           
Pipe 26                 	946.56          	500             	-47.30          	0.24            	0.14            	0.023           
Pipe 27                 	54.65           	100             	4.27            	0.54            	5.11            	0.034           
Pipe 28                 	237.47          	100             	2.33            	0.30            	1.53            	0.034           
Pipe 29                 	28.12           	100             	0.99            	0.13            	0.36            	0.045           
Pipe 30                 	199.77          	100             	0.66            	0.08            	0.15            	0.041           
Pipe 31                 	58.0            	100             	-0.28           	0.04            	0.03            	0.049           
Pipe 32                 	112.62          	100             	-0.49           	0.06            	0.09            	0.044           
Pipe 33                 	183.98          	100             	0.55            	0.07            	0.11            	0.042           
Pipe 34                 	89.18           	100             	-0.39           	0.05            	0.06            	0.046           
Pipe 35                 	41.19           	100             	-0.71           	0.09            	0.19            	0.044           
Pipe 36                 	70.87           	100             	0.11            	0.01            	0.01            	0.055           
Pipe 37                 	175.26          	100             	0.44            	0.06            	0.07            	0.044           
Pipe 38                 	66.85           	100             	-0.50           	0.06            	0.09            	0.045           
Pipe 39                 	135.49          	100             	0.16            	0.02            	0.01            	0.051           
Pipe 40                 	29.33           	100             	-0.98           	0.12            	0.35            	0.045           
Pipe 41                 	12.19           	100             	-0.22           	0.03            	0.03            	0.065           
Pipe 42                 	21.66           	100             	0.11            	0.01            	0.01            	0.060           
Pipe 43                 	60.4            	100             	-0.33           	0.04            	0.04            	0.048           
Pipe 44                 	28.62           	100             	0.17            	0.02            	0.01            	0.057           
Pipe 45                 	32.3            	100             	-0.61           	0.08            	0.14            	0.047           
Pipe 46                 	49.66           	100             	0.41            	0.05            	0.06            	0.047           
Pipe 47                 	34.23           	100             	-0.61           	0.08            	0.14            	0.046           
Pipe 48                 	85.17           	100             	0.26            	0.03            	0.03            	0.048           
Pipe 49                 	30.55           	100             	-0.01           	0.00            	0.00            	0.000           
Pipe 50                 	53.27           	100             	-0.71           	0.09            	0.18            	0.043           
Pipe 51                 	36.48           	100             	0.33            	0.04            	0.04            	0.050           
Pipe 52                 	26.56           	100             	0.22            	0.03            	0.02            	0.054           
Pipe 53                 	70.66           	100             	-0.30           	0.04            	0.04            	0.048           
Pipe 54                 	89.76           	100             	-0.31           	0.04            	0.04            	0.047           
Pipe 55                 	85.8            	100             	-1.45           	0.19            	0.66            	0.038           
Pipe 56                 	105.59          	100             	0.79            	0.10            	0.21            	0.041           
Pipe 57                 	115.27          	100             	0.55            	0.07            	0.11            	0.043           
Pipe 58                 	92.21           	100             	0.99            	0.13            	0.32            	0.040           
Pipe 59                 	97.83           	100             	-0.17           	0.02            	0.01            	0.051           
Pipe 60                 	57.14           	100             	0.44            	0.06            	0.07            	0.046           
Pipe 61                 	75.38           	100             	0.41            	0.05            	0.06            	0.046           
Pipe 62                 	47.47           	100             	-0.22           	0.03            	0.02            	0.051           
Pipe 63                 	27.0            	100             	0.66            	0.08            	0.17            	0.047           
Pipe 64                 	81.74           	100             	-0.04           	0.01            	0.00            	0.062           
Pipe 65                 	53.26           	100             	0.92            	0.12            	0.30            	0.042           
Pipe 66                 	51.0            	100             	-0.70           	0.09            	0.18            	0.044           
Pipe 67                 	31.3            	100             	0.43            	0.05            	0.07            	0.049           
Pipe 68                 	79.32           	100             	0.33            	0.04            	0.04            	0.047           
Pipe 69                 	90.2            	100             	-0.21           	0.03            	0.02            	0.050           
Pipe 70                 	81.87           	100             	0.51            	0.06            	0.09            	0.044           
Pipe 71                 	93.22           	100             	-0.76           	0.10            	0.19            	0.041           
Pipe 72                 	23.45           	100             	0.42            	0.05            	0.08            	0.051           
Pipe 73                 	53.13           	100             	-0.43           	0.06            	0.07            	0.046           
Pipe 74                 	29.0            	100             	0.38            	0.05            	0.06            	0.051           
Pipe 75                 	64.77           	100             	0.60            	0.08            	0.13            	0.044           
Pipe 76                 	28.66           	100             	-0.11           	0.01            	0.01            	0.058           
Pipe 77                 	51.88           	100             	-0.73           	0.09            	0.19            	0.043           
Pipe 78                 	30.18           	100             	0.19            	0.02            	0.02            	0.054           
Pipe 79                 	30.43           	100             	-1.04           	0.13            	0.39            	0.044           
Pipe 80                 	32.91           	100             	-0.62           	0.08            	0.15            	0.046           
Pipe 81                 	29.17           	100             	-0.83           	0.11            	0.26            	0.046           
Pipe 82                 	45.65           	100             	-0.13           	0.02            	0.01            	0.055           
Pipe 83                 	42.84           	100             	0.22            	0.03            	0.02            	0.051           
Pipe 84                 	50.01           	100             	-0.21           	0.03            	0.02            	0.052           
Pipe 85                 	69.48           	100             	-1.77           	0.23            	0.97            	0.037           
Pipe 86                 	30.48           	100             	0.84            	0.11            	0.26            	0.045           
Pipe 87                 	73.32           	100             	-1.91           	0.24            	1.12            	0.037           
Pipe 88                 	91.79           	100             	0.61            	0.08            	0.13            	0.043           
Pipe 89                 	12.05           	100             	0.11            	0.01            	0.01            	0.077           
Pipe 90                 	45.36           	100             	0.49            	0.06            	0.09            	0.046           
Pipe 91                 	15.73           	100             	0.11            	0.01            	0.01            	0.059           
Pipe 92                 	50.34           	100             	0.27            	0.03            	0.03            	0.050           
Pipe 93                 	103.78          	100             	-1.46           	0.19            	0.66            	0.037           
Pipe 94                 	27.41           	100             	1.31            	0.17            	0.61            	0.043           
Pipe 95                 	104.93          	100             	0.81            	0.10            	0.22            	0.041           
Pipe 96                 	53.95           	100             	1.09            	0.14            	0.40            	0.041           
Pipe 97                 	68.75           	100             	0.11            	0.01            	0.01            	0.057           
Pipe 98                 	49.6            	100             	0.32            	0.04            	0.04            	0.049           
Pipe 99                 	45.2            	100             	0.40            	0.05            	0.06            	0.048           
Pipe 100                	42.46           	100             	-0.37           	0.05            	0.05            	0.048           
Pipe 101                	31.01           	100             	0.59            	0.08            	0.14            	0.047           
Pipe 102                	25.16           	100             	-0.48           	0.06            	0.10            	0.050           
Pipe 103                	36.51           	100             	0.48            	0.06            	0.09            	0.047           
Pipe 104                	70.86           	100             	0.04            	0.00            	0.00            	0.046           
Pipe 105                	74.2            	100             	0.25            	0.03            	0.03            	0.049           
Pipe 106                	19.57           	100             	-0.07           	0.01            	0.00            	0.065           
Pipe 107                	48.53           	100             	0.14            	0.02            	0.01            	0.054           
Pipe 108                	48.51           	100             	0.30            	0.04            	0.04            	0.050           
Pipe 109                	33.34           	100             	-0.19           	0.02            	0.02            	0.052           
Pipe 110                	30.84           	100             	0.22            	0.03            	0.02            	0.054           
Pipe 111                	31.42           	100             	0.54            	0.07            	0.11            	0.048           
Pipe 112                	34.25           	100             	0.43            	0.05            	0.07            	0.048           
Pipe 113                	30.57           	100             	0.01            	0.00            	0.00            	0.000           
Pipe 114                	22.59           	100             	-0.10           	0.01            	0.00            	0.054           
Pipe 115                	19.08           	100             	0.11            	0.01            	0.01            	0.068           
Pipe 116                	33.83           	100             	0.21            	0.03            	0.02            	0.055           
Pipe 117                	23.05           	100             	0.11            	0.01            	0.01            	0.057           
Pipe 118                	99.82           	100             	-0.77           	0.10            	0.20            	0.041           
Pipe 119                	103.81          	100             	0.66            	0.08            	0.15            	0.042           
Pipe 120                	127.39          	100             	-0.88           	0.11            	0.26            	0.040           
Pipe 121                	76.04           	100             	0.55            	0.07            	0.11            	0.044           
Pipe 122                	47.02           	100             	-0.62           	0.08            	0.14            	0.045           
Pipe 123                	49.01           	100             	-0.37           	0.05            	0.05            	0.048           
Pipe 124                	55.26           	100             	0.11            	0.01            	0.01            	0.057           
Pipe 125                	53.04           	100             	0.33            	0.04            	0.04            	0.048           
Pipe 126                	57.76           	100             	-0.11           	0.01            	0.01            	0.055           
Pipe 127                	36.71           	100             	1.54            	0.20            	0.80            	0.041           
Pipe 128                	33.41           	100             	-1.76           	0.22            	1.04            	0.041           
Pipe 129                	33.72           	100             	0.86            	0.11            	0.27            	0.044           
Pipe 130                	57.56           	100             	0.57            	0.07            	0.12            	0.044           
Pipe 131                	49.38           	100             	-1.87           	0.24            	1.11            	0.038           
Pipe 132                	49.2            	100             	-0.08           	0.01            	0.00            	0.059           
Pipe 133                	41.89           	100             	-0.65           	0.08            	0.16            	0.045           
Pipe 134                	47.28           	100             	-0.48           	0.06            	0.09            	0.046           
Pipe 135                	84.64           	100             	0.22            	0.03            	0.02            	0.049           
Pipe 136                	35.68           	100             	-0.96           	0.12            	0.33            	0.043           
Pipe 137                	70.85           	100             	0.85            	0.11            	0.25            	0.041           
Pipe 138                	34.91           	100             	-0.78           	0.10            	0.23            	0.045           
Pipe 139                	89.11           	100             	-0.29           	0.04            	0.03            	0.047           
Pipe 140                	37.0            	100             	2.20            	0.28            	1.55            	0.039           
Pipe 141                	44.36           	100             	-1.46           	0.19            	0.70            	0.040           
Pipe 142                	36.03           	100             	-0.69           	0.09            	0.18            	0.045           
Pipe 143                	87.57           	100             	-0.20           	0.03            	0.02            	0.050           
Pipe 144                	34.49           	100             	0.29            	0.04            	0.04            	0.051           
Pipe 145                	35.81           	100             	-0.69           	0.09            	0.18            	0.045           
Pipe 146                	35.81           	100             	2.09            	0.27            	1.42            	0.039           
Pipe 147                	69.11           	100             	-1.28           	0.16            	0.53            	0.039           
Pipe 148                	34.99           	100             	-0.80           	0.10            	0.24            	0.045           
Pipe 149                	35.8            	100             	-1.00           	0.13            	0.36            	0.043           
Pipe 150                	35.34           	100             	0.22            	0.03            	0.02            	0.053           
Pipe 151                	58.25           	100             	-1.13           	0.14            	0.43            	0.040           
Pipe 152                	61.37           	100             	-1.11           	0.14            	0.41            	0.040           
Pipe 153                	65.72           	100             	0.11            	0.01            	0.01            	0.054           
Pipe 154                	57.99           	100             	-2.35           	0.30            	1.67            	0.037           
Pipe 155                	81.67           	100             	-1.07           	0.14            	0.37            	0.040           
Pipe 156                	124.01          	100             	-1.39           	0.18            	0.60            	0.037           
Pipe 157                	187.1           	100             	-1.39           	0.18            	0.59            	0.037           
Pipe 158                	46.29           	100             	-1.50           	0.19            	0.74            	0.040           
Pipe 159                	47.73           	100             	-1.61           	0.20            	0.84            	0.039           
Pipe 160                	153.06          	100             	-1.18           	0.15            	0.44            	0.038           
Pipe 161                	44.44           	100             	-0.44           	0.06            	0.08            	0.047           
Pipe 162                	61.33           	100             	-1.06           	0.13            	0.38            	0.041           
Pipe 163                	40.46           	100             	-2.35           	0.30            	1.74            	0.038           
Pipe 164                	63.52           	100             	-2.16           	0.28            	1.42            	0.037           
Pipe 165                	46.8            	100             	1.22            	0.16            	0.50            	0.041           
Pipe 166                	48.94           	100             	1.11            	0.14            	0.42            	0.041           
Pipe 167                	47.78           	100             	1.00            	0.13            	0.35            	0.042           
Pipe 168                	46.44           	100             	1.86            	0.24            	1.10            	0.039           
Pipe 169                	13.59           	100             	0.55            	0.07            	0.14            	0.056           
Pipe 170                	62.07           	100             	-0.66           	0.08            	0.16            	0.043           
Pipe 171                	44.67           	100             	0.44            	0.06            	0.07            	0.047           
Pipe 172                	34.45           	100             	-0.51           	0.06            	0.10            	0.047           
Pipe 173                	58.55           	100             	-0.26           	0.03            	0.03            	0.050           
Pipe 174                	58.65           	100             	0.15            	0.02            	0.01            	0.053           
Pipe 175                	34.61           	100             	0.18            	0.02            	0.01            	0.053           
Pipe 176                	36.4            	100             	-0.58           	0.07            	0.13            	0.046           
Pipe 177                	57.99           	100             	-0.04           	0.01            	0.00            	0.063           
Pipe 178                	34.31           	100             	-0.37           	0.05            	0.06            	0.049           
Pipe 179                	34.31           	100             	0.04            	0.01            	0.00            	0.075           
Pipe 180                	58.67           	100             	0.07            	0.01            	0.00            	0.066           
Pipe 181                	58.88           	100             	0.17            	0.02            	0.01            	0.052           
Pipe 182                	35.81           	100             	-0.52           	0.07            	0.11            	0.047           
Pipe 183                	35.22           	100             	-0.46           	0.06            	0.08            	0.048           
Pipe 184                	32.23           	100             	-1.98           	0.25            	1.30            	0.040           
Pipe 185                	44.92           	100             	-0.67           	0.09            	0.16            	0.044           
Pipe 186                	34.25           	100             	-0.54           	0.07            	0.11            	0.047           
Pipe 187                	44.94           	100             	-0.22           	0.03            	0.02            	0.051           
Pipe 188                	27.92           	100             	-1.00           	0.13            	0.37            	0.045           
Pipe 189                	48.91           	100             	-0.65           	0.08            	0.15            	0.044           
Pipe 190                	56.91           	100             	-0.89           	0.11            	0.27            	0.042           
Pipe 191                	73.14           	100             	0.78            	0.10            	0.21            	0.042           
Pipe 192                	60.17           	100             	-1.00           	0.13            	0.34            	0.041           
Pipe 193                	51.88           	100             	1.87            	0.24            	1.10            	0.038           
Pipe 194                	82.24           	100             	-1.20           	0.15            	0.46            	0.039           
Pipe 195                	46.37           	100             	-0.11           	0.01            	0.01            	0.053           
Pipe 196                	34.36           	100             	1.76            	0.22            	1.03            	0.040           
Pipe 197                	94.23           	100             	-0.64           	0.08            	0.14            	0.042           
Pipe 198                	74.58           	100             	-0.67           	0.08            	0.16            	0.043           
Pipe 199                	84.0            	100             	-0.86           	0.11            	0.25            	0.041           
Pipe 200                	46.5            	100             	0.89            	0.11            	0.28            	0.043           
Pipe 201                	47.5            	100             	-0.78           	0.10            	0.21            	0.043           
Pipe 202                	41.27           	100             	0.11            	0.01            	0.01            	0.059           
Pipe 203                	443.26          	100             	0.11            	0.01            	0.01            	0.052           
Pipe 204                	104.26          	100             	-0.22           	0.03            	0.02            	0.049           
Pipe 205                	68.24           	100             	-0.33           	0.04            	0.04            	0.047           
Pipe 206                	45.13           	100             	-0.18           	0.02            	0.01            	0.053           
Pipe 207                	56.23           	100             	-0.26           	0.03            	0.03            	0.049           
Pipe 208                	26.28           	100             	0.08            	0.01            	0.00            	0.060           
Pipe 209                	34.72           	100             	-0.19           	0.02            	0.02            	0.054           
Pipe 210                	28.4            	100             	-0.03           	0.00            	0.00            	0.068           
Pipe 211                	35.24           	100             	-0.99           	0.13            	0.35            	0.043           
Pipe 212                	36.22           	100             	0.70            	0.09            	0.18            	0.045           
Pipe 213                	10.07           	100             	-0.14           	0.02            	0.01            	0.065           
Pipe 214                	35.04           	100             	-1.10           	0.14            	0.43            	0.043           
Pipe 215                	35.23           	100             	0.59            	0.07            	0.13            	0.046           
Pipe 216                	76.03           	100             	1.18            	0.15            	0.45            	0.039           
Pipe 217                	51.46           	100             	0.72            	0.09            	0.19            	0.043           
Pipe 218                	24.7            	100             	1.07            	0.14            	0.42            	0.045           
Pipe 219                	24.97           	100             	0.61            	0.08            	0.15            	0.049           
Pipe 220                	59.59           	100             	-0.76           	0.10            	0.20            	0.043           
Pipe 221                	37.51           	100             	0.40            	0.05            	0.06            	0.048           
Pipe 222                	36.91           	100             	1.32            	0.17            	0.59            	0.042           
Pipe 223                	74.76           	100             	0.87            	0.11            	0.26            	0.041           
Pipe 224                	68.1            	100             	-0.37           	0.05            	0.05            	0.046           
Pipe 225                	67.79           	100             	0.74            	0.09            	0.19            	0.042           
Pipe 226                	36.36           	100             	1.06            	0.14            	0.40            	0.043           
Pipe 227                	18.23           	100             	1.59            	0.20            	0.96            	0.046           
Pipe 228                	33.57           	100             	1.53            	0.20            	0.80            	0.041           
Pipe 229                	34.8            	100             	0.26            	0.03            	0.03            	0.051           
Pipe 230                	68.27           	100             	0.15            	0.02            	0.01            	0.052           
Pipe 231                	101.24          	100             	1.03            	0.13            	0.35            	0.039           
Pipe 232                	25.9            	100             	-1.14           	0.15            	0.48            	0.045           
Pipe 233                	82.2            	100             	1.21            	0.15            	0.48            	0.039           
Pipe 234                	26.24           	100             	-0.29           	0.04            	0.04            	0.053           
Pipe 235                	6.66            	100             	-1.48           	0.19            	1.18            	0.066           
Pipe 236                	29.42           	100             	0.23            	0.03            	0.02            	0.053           
Pipe 237                	30.7            	100             	1.10            	0.14            	0.44            	0.044           
Pipe 238                	29.05           	100             	0.01            	0.00            	0.00            	0.000           
Pipe 239                	66.05           	100             	0.11            	0.01            	0.01            	0.056           
Pipe 240                	24.85           	100             	-0.10           	0.01            	0.01            	0.058           
Pipe 241                	7.43            	100             	-1.42           	0.18            	1.05            	0.063           
Pipe 242                	31.04           	100             	1.21            	0.15            	0.52            	0.043           
Pipe 243                	29.15           	100             	1.10            	0.14            	0.44            	0.044           
Pipe 244                	26.79           	100             	-0.99           	0.13            	0.36            	0.045           
Pipe 245                	32.1            	100             	0.73            	0.09            	0.20            	0.046           
Pipe 246                	29.29           	100             	0.62            	0.08            	0.15            	0.047           
Pipe 247                	27.33           	100             	0.11            	0.01            	0.01            	0.061           
Pipe 248                	15.72           	100             	-0.40           	0.05            	0.07            	0.055           
Pipe 249                	23.82           	100             	-0.51           	0.07            	0.11            	0.050           
Pipe 250                	35.23           	100             	-0.48           	0.06            	0.09            	0.048           
Pipe 251                	34.84           	100             	0.11            	0.01            	0.01            	0.053           
Pipe 252                	33.41           	100             	1.21            	0.15            	0.51            	0.043           
Pipe 253                	34.31           	100             	0.70            	0.09            	0.18            	0.046           
Pipe 254                	47.21           	100             	0.51            	0.07            	0.10            	0.046           
Pipe 255                	105.44          	100             	-0.21           	0.03            	0.02            	0.049           
Pipe 256                	33.49           	100             	-0.14           	0.02            	0.01            	0.057           
Pipe 257                	74.58           	100             	0.03            	0.00            	0.00            	0.082           
Pipe 258                	34.36           	100             	-0.19           	0.02            	0.02            	0.054           
Pipe 259                	60.82           	100             	-0.06           	0.01            	0.00            	0.065           
Pipe 260                	82.16           	100             	-0.08           	0.01            	0.00            	0.060           
Pipe 261                	34.78           	100             	-0.30           	0.04            	0.04            	0.051           
Pipe 262                	60.92           	100             	-0.01           	0.00            	0.00            	0.000           
Pipe 263                	104.32          	100             	0.01            	0.00            	0.00            	0.000           
Pipe 264                	34.6            	100             	-0.17           	0.02            	0.01            	0.053           
Pipe 265                	36.4            	100             	-0.19           	0.02            	0.02            	0.053           
Pipe 266                	35.12           	100             	-0.40           	0.05            	0.06            	0.049           
Pipe 267                	53.6            	100             	0.00            	0.00            	0.00            	0.000           
Pipe 268                	104.94          	100             	-0.01           	0.00            	0.00            	0.000           
Pipe 269                	36.09           	100             	-0.29           	0.04            	0.04            	0.051           
Pipe 270                	35.8            	100             	-0.29           	0.04            	0.04            	0.050           
Pipe 271                	34.86           	100             	-0.52           	0.07            	0.11            	0.047           
Pipe 272                	54.38           	100             	0.04            	0.00            	0.00            	0.061           
Pipe 273                	104.65          	100             	-0.03           	0.00            	0.00            	0.062           
Pipe 274                	35.1            	100             	-0.40           	0.05            	0.06            	0.049           
Pipe 275                	33.42           	100             	-0.41           	0.05            	0.07            	0.049           
Pipe 276                	46.76           	100             	0.18            	0.02            	0.01            	0.053           
Pipe 277                	105.05          	100             	-0.11           	0.01            	0.01            	0.053           
Pipe 278                	35.24           	100             	-0.47           	0.06            	0.09            	0.048           
Pipe 279                	36.4            	100             	-0.55           	0.07            	0.12            	0.047           
Pipe 280                	34.84           	100             	-0.40           	0.05            	0.06            	0.049           
Pipe 281                	34.62           	100             	-0.77           	0.10            	0.22            	0.045           
Pipe 282                	35.22           	100             	-1.10           	0.14            	0.42            	0.043           
Pipe 283                	36.33           	100             	-0.11           	0.01            	0.01            	0.056           
Pipe 284                	36.53           	100             	-0.33           	0.04            	0.04            	0.050           
Pipe 285                	62.2            	100             	0.11            	0.01            	0.01            	0.054           
Pipe 286                	37.93           	100             	-0.44           	0.06            	0.08            	0.048           
Pipe 287                	74.74           	100             	-0.55           	0.07            	0.11            	0.044           
Pipe 288                	33.46           	100             	-0.66           	0.08            	0.17            	0.046           
Pipe 289                	27.81           	100             	-0.77           	0.10            	0.23            	0.046           
Pipe 290                	324.78          	100             	-0.88           	0.11            	0.25            	0.039           
Pipe 291                	140.18          	100             	-0.99           	0.13            	0.32            	0.039           
Pipe 292                	38.05           	100             	-0.70           	0.09            	0.18            	0.045           
Pipe 293                	192.22          	100             	-0.40           	0.05            	0.06            	0.044           
Pipe 294                	38.85           	100             	-2.64           	0.34            	2.17            	0.038           
Pipe 295                	129.62          	100             	2.53            	0.32            	1.82            	0.034           
Pipe 296                	41.42           	100             	1.52            	0.19            	0.76            	0.040           
Pipe 297                	58.13           	100             	1.09            	0.14            	0.40            	0.041           
Pipe 298                	40.24           	100             	1.33            	0.17            	0.60            	0.041           
Pipe 299                	39.23           	100             	1.41            	0.18            	0.67            	0.041           
Pipe 300                	36.57           	100             	0.98            	0.12            	0.34            	0.043           
Pipe 301                	38.14           	100             	1.22            	0.16            	0.52            	0.042           
Pipe 302                	41.34           	100             	1.30            	0.16            	0.57            	0.041           
Pipe 303                	36.15           	100             	1.35            	0.17            	0.62            	0.042           
Pipe 304                	52.05           	100             	0.88            	0.11            	0.27            	0.042           
Pipe 305                	40.63           	100             	1.19            	0.15            	0.48            	0.042           
Pipe 306                	55.59           	100             	1.08            	0.14            	0.39            	0.041           
Pipe 307                	33.76           	100             	0.92            	0.12            	0.31            	0.044           
Pipe 308                	201.03          	100             	0.05            	0.01            	0.00            	0.062           
Pipe 309                	47.48           	100             	0.11            	0.01            	0.01            	0.059           
Pipe 310                	34.18           	100             	0.67            	0.09            	0.17            	0.046           
Pipe 311                	37.92           	100             	-0.73           	0.09            	0.20            	0.045           
Pipe 312                	31.01           	100             	0.16            	0.02            	0.01            	0.056           
Pipe 313                	31.6            	100             	-0.84           	0.11            	0.26            	0.045           
Pipe 314                	17.06           	100             	0.14            	0.02            	0.01            	0.063           
Pipe 315                	40.96           	100             	-0.09           	0.01            	0.00            	0.060           
Pipe 316                	23.37           	100             	-0.08           	0.01            	0.00            	0.070           
Pipe 317                	52.0            	100             	-0.03           	0.00            	0.00            	0.059           
Pipe 318                	22.96           	100             	-0.19           	0.02            	0.02            	0.055           
Pipe 319                	21.03           	100             	-0.10           	0.01            	0.01            	0.065           
Pipe 320                	24.3            	100             	-0.20           	0.03            	0.02            	0.056           
Pipe 321                	16.52           	100             	-0.21           	0.03            	0.02            	0.059           
Pipe 322                	28.62           	100             	-0.51           	0.07            	0.11            	0.049           
Pipe 323                	33.58           	100             	0.20            	0.03            	0.02            	0.053           
Pipe 324                	27.27           	100             	-0.32           	0.04            	0.04            	0.052           
Pipe 325                	23.62           	100             	0.43            	0.05            	0.08            	0.051           
Pipe 326                	39.04           	100             	-1.05           	0.13            	0.39            	0.042           
Pipe 327                	48.17           	100             	-0.39           	0.05            	0.06            	0.047           
Pipe 328                	54.5            	100             	-0.77           	0.10            	0.21            	0.043           
Pipe 329                	34.66           	100             	-0.11           	0.01            	0.01            	0.059           
Pipe 330                	83.14           	100             	-0.22           	0.03            	0.02            	0.050           
Pipe 331                	102.71          	100             	-0.45           	0.06            	0.07            	0.044           
Pipe 332                	53.79           	100             	0.12            	0.02            	0.01            	0.055           
Pipe 333                	54.23           	100             	-0.56           	0.07            	0.12            	0.045           
Pipe 334                	26.49           	100             	0.01            	0.00            	0.00            	0.482           
Pipe 335                	56.51           	100             	-0.11           	0.01            	0.01            	0.056           
Pipe 336                	55.15           	100             	-0.22           	0.03            	0.02            	0.051           
Pipe 337                	20.76           	100             	-0.28           	0.04            	0.03            	0.054           
Pipe 338                	25.27           	100             	-0.05           	0.01            	0.00            	0.062           
Pipe 339                	78.98           	100             	-0.37           	0.05            	0.05            	0.046           
Pipe 340                	20.03           	100             	-0.16           	0.02            	0.01            	0.059           
Pipe 341                	31.91           	100             	0.55            	0.07            	0.12            	0.047           
Pipe 342                	44.72           	100             	0.44            	0.06            	0.08            	0.047           
Pipe 343                	33.73           	100             	-0.48           	0.06            	0.09            	0.048           
Pipe 344                	22.46           	100             	0.49            	0.06            	0.10            	0.051           
Pipe 345                	50.5            	100             	-0.65           	0.08            	0.15            	0.044           
Pipe 346                	84.12           	100             	0.38            	0.05            	0.06            	0.046           
Pipe 347                	37.83           	100             	-0.76           	0.10            	0.21            	0.045           
Pipe 348                	21.66           	100             	0.27            	0.03            	0.03            	0.054           
Pipe 349                	52.11           	100             	0.11            	0.01            	0.01            	0.057           
Pipe 350                	138.26          	100             	-0.27           	0.03            	0.03            	0.047           
Pipe 351                	187.26          	100             	0.16            	0.02            	0.01            	0.051           
Pipe 352                	88.12           	100             	-0.17           	0.02            	0.01            	0.051           
Pipe 353                	41.33           	100             	-0.21           	0.03            	0.02            	0.052           
Pipe 354                	126.05          	100             	0.33            	0.04            	0.04            	0.046           
Pipe 355                	168.78          	100             	-0.28           	0.04            	0.03            	0.047           
Pipe 356                	56.43           	100             	-0.28           	0.04            	0.03            	0.049           
Pipe 357                	41.41           	100             	-0.32           	0.04            	0.04            	0.049           
Pipe 358                	84.36           	100             	0.22            	0.03            	0.02            	0.049           
Pipe 359                	198.52          	100             	-0.26           	0.03            	0.03            	0.047           
Pipe 360                	82.93           	100             	-0.13           	0.02            	0.01            	0.053           
Pipe 361                	44.38           	100             	-0.11           	0.01            	0.01            	0.059           
Pipe 362                	55.48           	100             	-0.22           	0.03            	0.02            	0.050           
Pipe 363                	52.4            	100             	-0.15           	0.02            	0.01            	0.054           
Pipe 364                	75.17           	100             	-0.18           	0.02            	0.01            	0.051           
Pipe 365                	54.56           	100             	-0.11           	0.01            	0.01            	0.058           
Pipe 366                	45.99           	100             	0.26            	0.03            	0.03            	0.050           
Pipe 367                	35.57           	100             	-0.48           	0.06            	0.09            	0.048           
Pipe 368                	67.14           	100             	-0.42           	0.05            	0.07            	0.046           
Pipe 369                	40.71           	100             	-0.17           	0.02            	0.01            	0.052           
Pipe 370                	51.49           	100             	0.22            	0.03            	0.02            	0.051           
Pipe 371                	51.72           	100             	-0.31           	0.04            	0.04            	0.049           
Pipe 372                	70.64           	100             	-0.20           	0.02            	0.02            	0.051           
Pipe 373                	117.98          	100             	0.11            	0.01            	0.01            	0.055           
Pipe 374                	46.51           	100             	-0.38           	0.05            	0.06            	0.048           
Pipe 375                	67.76           	100             	-0.04           	0.01            	0.00            	0.072           
Pipe 376                	57.36           	100             	-0.20           	0.03            	0.02            	0.052           
Pipe 377                	192.01          	100             	-0.11           	0.01            	0.01            	0.054           
Pipe 378                	35.53           	100             	-0.53           	0.07            	0.11            	0.047           
Pipe 379                	67.13           	100             	-0.57           	0.07            	0.12            	0.044           
Pipe 380                	67.22           	100             	-0.09           	0.01            	0.00            	0.058           
Pipe 381                	45.96           	100             	-1.03           	0.13            	0.37            	0.042           
Pipe 382                	75.23           	100             	-0.18           	0.02            	0.01            	0.052           
Pipe 383                	59.27           	100             	0.35            	0.04            	0.05            	0.047           
Pipe 384                	66.96           	100             	-0.60           	0.08            	0.13            	0.044           
Pipe 385                	196.51          	100             	0.04            	0.01            	0.00            	0.061           
Pipe 386                	49.06           	100             	-1.21           	0.15            	0.49            	0.041           
Pipe 387                	70.18           	100             	0.07            	0.01            	0.00            	0.061           
Pipe 388                	40.35           	100             	-1.06           	0.13            	0.39            	0.042           
Pipe 389                	187.96          	100             	0.17            	0.02            	0.01            	0.050           
Pipe 390                	81.96           	100             	-0.28           	0.04            	0.03            	0.048           
Pipe 391                	92.65           	100             	0.06            	0.01            	0.00            	0.063           
Pipe 392                	81.05           	100             	-0.46           	0.06            	0.08            	0.045           
Pipe 393                	89.64           	100             	0.11            	0.01            	0.01            	0.055           
Pipe 394                	46.27           	100             	-1.32           	0.17            	0.58            	0.040           
Pipe 395                	42.63           	100             	-1.10           	0.14            	0.42            	0.042           
Pipe 396                	85.87           	100             	-0.77           	0.10            	0.20            	0.041           
Pipe 397                	85.89           	100             	0.37            	0.05            	0.05            	0.046           
Pipe 398                	35.94           	100             	0.92            	0.12            	0.30            	0.044           
Pipe 399                	40.95           	100             	-1.73           	0.22            	0.98            	0.040           
Pipe 400                	188.23          	100             	0.53            	0.07            	0.10            	0.042           
Pipe 401                	63.98           	100             	0.81            	0.10            	0.23            	0.042           
Pipe 402                	71.46           	100             	0.70            	0.09            	0.17            	0.042           
Pipe 403                	41.18           	100             	1.53            	0.19            	0.77            	0.040           
Pipe 404                	31.55           	100             	0.59            	0.07            	0.13            	0.047           
Pipe 405                	34.28           	100             	0.48            	0.06            	0.09            	0.048           
Pipe 406                	65.02           	100             	0.09            	0.01            	0.00            	0.056           
Pipe 407                	41.02           	100             	-0.34           	0.04            	0.05            	0.049           
Pipe 408                	41.29           	100             	-0.72           	0.09            	0.19            	0.044           
Pipe 409                	41.41           	100             	-0.83           	0.11            	0.25            	0.044           
Pipe 410                	189.26          	100             	0.59            	0.08            	0.12            	0.042           
Pipe 411                	81.43           	100             	0.35            	0.05            	0.05            	0.046           
Pipe 412                	84.57           	100             	0.26            	0.03            	0.03            	0.048           
Pipe 413                	78.08           	100             	0.27            	0.03            	0.03            	0.048           
Pipe 414                	91.14           	100             	0.22            	0.03            	0.02            	0.049           
Pipe 415                	83.02           	100             	-0.11           	0.01            	0.01            	0.056           
Pipe 416                	39.13           	100             	0.11            	0.01            	0.01            	0.057           
Pipe 417                	74.06           	100             	0.11            	0.01            	0.01            	0.053           
Pipe 418                	119.52          	100             	-0.22           	0.03            	0.02            	0.049           
Pipe 419                	21.77           	100             	-0.33           	0.04            	0.05            	0.053           
Pipe 420                	85.9            	100             	-0.66           	0.08            	0.15            	0.042           
Pipe 421                	20.2            	100             	0.22            	0.03            	0.02            	0.058           
Pipe 422                	53.82           	100             	-0.11           	0.01            	0.01            	0.055           
Pipe 423                	40.98           	100             	-0.53           	0.07            	0.11            	0.046           
Pipe 424                	47.89           	100             	0.31            	0.04            	0.04            	0.049           
Pipe 425                	47.15           	100             	-1.21           	0.15            	0.49            	0.041           
Pipe 426                	47.66           	100             	0.57            	0.07            	0.12            	0.045           
Pipe 427                	39.85           	100             	-0.12           	0.02            	0.01            	0.055           
Pipe 428                	46.77           	100             	0.32            	0.04            	0.04            	0.049           
Pipe 429                	245.03          	100             	-0.48           	0.06            	0.08            	0.043           
Pipe 430                	76.64           	100             	0.37            	0.05            	0.05            	0.046           
Pipe 431                	29.6            	100             	-0.59           	0.07            	0.14            	0.047           
Pipe 432                	38.38           	100             	-1.06           	0.14            	0.40            	0.042           
Pipe 433                	44.18           	100             	1.32            	0.17            	0.58            	0.041           
Pipe 434                	26.64           	100             	-0.70           	0.09            	0.19            	0.047           
Pipe 435                	43.41           	100             	-1.17           	0.15            	0.47            	0.041           
Pipe 436                	39.61           	100             	1.21            	0.15            	0.50            	0.042           
Pipe 437                	84.15           	100             	-0.77           	0.10            	0.20            	0.041           
Pipe 438                	42.11           	100             	-0.88           	0.11            	0.28            	0.043           
Pipe 439                	39.21           	100             	-0.99           	0.13            	0.35            	0.043           
Pipe 440                	29.39           	100             	0.11            	0.01            	0.01            	0.057           
Pipe 441                	24.85           	100             	-0.11           	0.01            	0.01            	0.060           
Pipe 442                	24.06           	100             	0.44            	0.06            	0.08            	0.051           
Pipe 443                	28.63           	100             	-0.66           	0.08            	0.17            	0.047           
Pipe 444                	10.88           	100             	0.11            	0.01            	0.01            	0.068           
Pipe 445                	24.58           	100             	0.22            	0.03            	0.02            	0.055           
Pipe 446                	23.13           	100             	0.91            	0.12            	0.32            	0.047           
Pipe 447                	11.46           	100             	0.54            	0.07            	0.14            	0.059           
Pipe 448                	31.24           	100             	0.49            	0.06            	0.10            	0.048           
Pipe 449                	31.05           	100             	0.43            	0.05            	0.07            	0.049           
Pipe 450                	11.8            	100             	0.38            	0.05            	0.07            	0.060           
Pipe 451                	147.09          	100             	1.65            	0.21            	0.82            	0.036           
Pipe 452                	118.26          	100             	-1.43           	0.18            	0.63            	0.037           
Pipe 453                	62.93           	100             	1.32            	0.17            	0.57            	0.039           
Pipe 454                	37.59           	100             	-1.54           	0.20            	0.80            	0.041           
Pipe 455                	48.16           	100             	0.34            	0.04            	0.05            	0.048           
Pipe 456                	66.92           	100             	0.23            	0.03            	0.02            	0.050           
Pipe 457                	35.38           	100             	0.00            	0.00            	0.00            	0.000           
Pipe 458                	48.15           	100             	0.22            	0.03            	0.02            	0.051           
Pipe 459                	35.33           	100             	-0.10           	0.01            	0.01            	0.061           
Pipe 460                	67.04           	100             	0.21            	0.03            	0.02            	0.050           
Pipe 461                	51.02           	100             	0.11            	0.01            	0.01            	0.055           
Pipe 462                	43.21           	100             	1.10            	0.14            	0.42            	0.042           
Pipe 463                	88.05           	100             	-0.11           	0.01            	0.01            	0.055           
Pipe 464                	24.5            	100             	-0.37           	0.05            	0.06            	0.051           
Pipe 465                	19.7            	100             	0.15            	0.02            	0.01            	0.063           
Pipe 466                	102.79          	100             	-0.48           	0.06            	0.08            	0.044           
Pipe 467                	23.37           	100             	0.04            	0.01            	0.00            	0.052           
Pipe 468                	46.89           	100             	-0.11           	0.01            	0.01            	0.056           
Pipe 469                	358.72          	100             	-0.22           	0.03            	0.02            	0.048           
Pipe 470                	560.89          	100             	-0.33           	0.04            	0.04            	0.045           
Pipe 471                	90.1            	100             	-0.26           	0.03            	0.03            	0.048           
Pipe 472                	37.72           	100             	-0.18           	0.02            	0.01            	0.054           
Pipe 473                	47.25           	100             	0.54            	0.07            	0.11            	0.045           
Pipe 474                	69.66           	100             	0.55            	0.07            	0.11            	0.044           
Pipe 475                	94.41           	100             	-1.20           	0.15            	0.46            	0.039           
Pipe 476                	29.27           	100             	0.43            	0.05            	0.07            	0.049           
Pipe 477                	43.33           	100             	0.28            	0.04            	0.03            	0.050           
Pipe 478                	74.88           	100             	0.16            	0.02            	0.01            	0.052           
Pipe 479                	19.26           	100             	-1.31           	0.17            	0.66            	0.046           
Pipe 480                	45.19           	100             	0.11            	0.01            	0.01            	0.058           
Pipe 481                	67.27           	100             	0.21            	0.03            	0.02            	0.051           
Pipe 482                	39.29           	100             	0.04            	0.00            	0.00            	0.043           
Pipe 483                	74.92           	100             	0.13            	0.02            	0.01            	0.053           
Pipe 484                	38.23           	100             	0.26            	0.03            	0.03            	0.051           
Pipe 485                	16.12           	100             	-1.42           	0.18            	0.80            	0.048           
Pipe 486                	39.24           	100             	0.29            	0.04            	0.03            	0.050           
Pipe 487                	39.4            	100             	-0.07           	0.01            	0.00            	0.053           
Pipe 488                	106.63          	100             	-0.45           	0.06            	0.07            	0.044           
Pipe 489                	39.98           	100             	-0.60           	0.08            	0.14            	0.045           
Pipe 490                	28.06           	100             	0.05            	0.01            	0.00            	0.074           
Pipe 491                	78.41           	100             	-1.88           	0.24            	1.07            	0.037           
Pipe 492                	41.21           	100             	0.59            	0.08            	0.13            	0.045           
Pipe 493                	42.49           	100             	0.57            	0.07            	0.12            	0.046           
Pipe 494                	36.17           	100             	-0.06           	0.01            	0.00            	0.062           
Pipe 495                	30.86           	100             	0.95            	0.12            	0.33            	0.044           
Pipe 496                	97.11           	100             	0.07            	0.01            	0.00            	0.057           
Pipe 497                	46.28           	100             	0.66            	0.08            	0.16            	0.044           
Pipe 498                	40.5            	100             	0.11            	0.01            	0.01            	0.055           
Pipe 499                	29.67           	100             	0.55            	0.07            	0.12            	0.048           
Pipe 500                	12.17           	100             	-1.53           	0.20            	1.00            	0.052           
Pipe 501                	36.06           	100             	0.42            	0.05            	0.07            	0.048           
Pipe 502                	34.29           	100             	0.46            	0.06            	0.08            	0.048           
Pipe 503                	33.49           	100             	0.28            	0.04            	0.03            	0.051           
Pipe 504                	23.75           	100             	0.03            	0.00            	0.00            	0.079           
Pipe 505                	23.55           	100             	0.38            	0.05            	0.06            	0.052           
Pipe 506                	28.01           	100             	0.17            	0.02            	0.01            	0.056           
Pipe 507                	35.03           	100             	0.06            	0.01            	0.00            	0.084           
Pipe 508                	55.61           	100             	0.33            	0.04            	0.04            	0.048           
Pipe 509                	89.13           	100             	0.22            	0.03            	0.02            	0.049           
Pipe 510                	24.59           	100             	0.17            	0.02            	0.01            	0.058           
Pipe 511                	23.28           	100             	-0.06           	0.01            	0.00            	0.052           
Pipe 512                	22.57           	100             	0.06            	0.01            	0.00            	0.058           
Pipe 513                	33.21           	100             	-0.33           	0.04            	0.05            	0.050           
Pipe 514                	35.26           	100             	0.16            	0.02            	0.01            	0.054           
Pipe 515                	48.0            	100             	0.11            	0.01            	0.01            	0.054           
Pipe 516                	52.04           	100             	0.11            	0.01            	0.01            	0.057           
Pipe 517                	36.73           	100             	-0.33           	0.04            	0.05            	0.050           
Pipe 518                	63.21           	100             	0.22            	0.03            	0.02            	0.050           
Pipe 519                	36.83           	100             	-0.44           	0.06            	0.08            	0.048           
Pipe 520                	36.88           	100             	0.11            	0.01            	0.01            	0.056           
Pipe 521                	35.63           	100             	0.44            	0.06            	0.08            	0.048           
Pipe 522                	37.0            	100             	0.33            	0.04            	0.04            	0.050           
Pipe 523                	63.22           	100             	0.22            	0.03            	0.02            	0.050           
Pipe 524                	37.21           	100             	0.11            	0.01            	0.01            	0.060           
