/Users/conrad/Documents/EC/Course_deuxiemme_annee/Project_Inno/Projet_P5C006/Monterusciello_solution/Monterusciello_acqueduct
Network Table - Links
                        	Length          	Diameter        	Flow            	Velocity        	Unit Headloss   	Friction Factor 
 Link ID                	m               	mm              	LPS             	m/s             	m/km            	                
Pipe 0                  	440.64          	125.00          	10.68           	0.87            	8.42            	0.027           
Pipe 1                  	851.43          	200.00          	-25.50          	0.81            	4.27            	0.025           
Pipe 2                  	587.54          	60.00           	1.31            	0.46            	6.15            	0.034           
Pipe 3                  	62.54           	80.00           	3.11            	0.62            	7.53            	0.031           
Pipe 4                  	8.45            	100.00          	4.87            	0.62            	5.83            	0.030           
Pipe 5                  	29.12           	100.00          	5.29            	0.67            	6.78            	0.029           
Pipe 6                  	160.9           	80.00           	2.15            	0.43            	3.80            	0.033           
Pipe 7                  	41.38           	80.00           	2.21            	0.44            	4.01            	0.033           
Pipe 8                  	25.62           	100.00          	6.16            	0.78            	9.02            	0.029           
Pipe 9                  	719.47          	200.00          	22.34           	0.71            	3.35            	0.026           
Pipe 10                 	841.45          	250.00          	-51.91          	1.06            	5.38            	0.024           
Pipe 11                 	155.23          	60.00           	1.65            	0.58            	9.47            	0.033           
Pipe 12                 	48.34           	80.00           	2.08            	0.41            	3.57            	0.033           
Pipe 13                 	551.08          	80.00           	-2.47           	0.49            	4.90            	0.032           
Pipe 14                 	174.51          	60.00           	0.93            	0.33            	3.30            	0.036           
Pipe 15                 	179.56          	60.00           	0.80            	0.28            	2.46            	0.036           
Pipe 16                 	110.19          	60.00           	1.82            	0.65            	11.39           	0.032           
Pipe 17                 	320.72          	150.00          	15.22           	0.86            	6.68            	0.026           
Pipe 18                 	35.76           	60.00           	1.26            	0.44            	5.71            	0.034           
Pipe 19                 	56.69           	80.00           	3.25            	0.65            	8.19            	0.031           
Pipe 20                 	101.54          	80.00           	2.42            	0.48            	4.72            	0.032           
Pipe 21                 	334.87          	125.00          	8.10            	0.66            	5.05            	0.028           
Pipe 22                 	32.69           	80.00           	2.05            	0.41            	3.49            	0.033           
Pipe 23                 	20.31           	80.00           	2.41            	0.48            	4.69            	0.032           
Pipe 24                 	48.77           	80.00           	2.78            	0.55            	6.12            	0.031           
Pipe 25                 	10.95           	100.00          	5.19            	0.66            	6.56            	0.029           
Pipe 26                 	104.26          	60.00           	0.21            	0.07            	0.20            	0.044           
Pipe 27                 	99.57           	60.00           	-0.33           	0.12            	0.48            	0.041           
Pipe 28                 	68.24           	60.00           	0.08            	0.03            	0.04            	0.051           
Pipe 29                 	65.72           	60.00           	-0.28           	0.10            	0.36            	0.042           
Pipe 30                 	56.1            	60.00           	-0.17           	0.06            	0.15            	0.046           
Pipe 31                 	45.13           	60.00           	0.61            	0.21            	1.48            	0.038           
Pipe 32                 	56.23           	60.00           	-0.64           	0.23            	1.65            	0.038           
Pipe 33                 	35.34           	60.00           	-0.40           	0.14            	0.68            	0.040           
Pipe 34                 	34.84           	60.00           	-0.29           	0.10            	0.38            	0.042           
Pipe 35                 	45.18           	60.00           	-0.84           	0.30            	2.72            	0.036           
Pipe 36                 	46.89           	60.00           	0.73            	0.26            	2.07            	0.037           
Pipe 37                 	29.29           	60.00           	-0.15           	0.05            	0.11            	0.047           
Pipe 38                 	32.1            	60.00           	-0.81           	0.29            	2.51            	0.036           
Pipe 39                 	153.02          	60.00           	0.60            	0.21            	1.46            	0.038           
Pipe 40                 	23.82           	60.00           	-0.27           	0.09            	0.32            	0.043           
Pipe 41                 	10.07           	60.00           	-0.76           	0.27            	2.26            	0.037           
Pipe 42                 	26.79           	60.00           	-0.16           	0.06            	0.12            	0.046           
Pipe 43                 	74.74           	60.00           	0.25            	0.09            	0.28            	0.043           
Pipe 44                 	33.46           	60.00           	0.23            	0.08            	0.24            	0.044           
Pipe 45                 	26.28           	60.00           	0.99            	0.35            	3.66            	0.035           
Pipe 46                 	34.72           	60.00           	-1.10           	0.39            	4.48            	0.035           
Pipe 47                 	28.4            	60.00           	0.87            	0.31            	2.92            	0.036           
Pipe 48                 	68.1            	60.00           	-0.42           	0.15            	0.76            	0.040           
Pipe 49                 	35.24           	60.00           	-1.60           	0.57            	8.96            	0.033           
Pipe 50                 	36.22           	60.00           	0.80            	0.28            	2.48            	0.036           
Pipe 51                 	35.68           	60.00           	-1.88           	0.66            	12.03           	0.032           
Pipe 52                 	34.91           	60.00           	1.02            	0.36            	3.88            	0.035           
Pipe 53                 	89.11           	60.00           	0.31            	0.11            	0.43            	0.042           
Pipe 54                 	35.04           	60.00           	-0.93           	0.33            	3.27            	0.036           
Pipe 55                 	68.03           	60.00           	-0.79           	0.28            	2.43            	0.036           
Pipe 56                 	68.58           	60.00           	-0.13           	0.05            	0.08            	0.048           
Pipe 57                 	35.23           	60.00           	0.81            	0.29            	2.52            	0.036           
Pipe 58                 	76.03           	60.00           	1.24            	0.44            	5.59            	0.034           
Pipe 59                 	51.29           	60.00           	-1.28           	0.45            	5.87            	0.034           
Pipe 60                 	68.16           	60.00           	1.09            	0.39            	4.42            	0.035           
Pipe 61                 	51.46           	60.00           	-1.19           	0.42            	5.15            	0.034           
Pipe 62                 	24.7            	60.00           	1.13            	0.40            	4.66            	0.035           
Pipe 63                 	56.44           	60.00           	1.70            	0.60            	9.98            	0.033           
Pipe 64                 	36.36           	60.00           	0.01            	0.00            	0.00            	0.073           
Pipe 65                 	18.23           	60.00           	1.41            	0.50            	7.04            	0.033           
Pipe 66                 	49.64           	60.00           	-0.43           	0.15            	0.79            	0.040           
Pipe 67                 	24.97           	60.00           	-1.30           	0.46            	6.11            	0.034           
Pipe 68                 	59.59           	60.00           	-0.14           	0.05            	0.10            	0.047           
Pipe 69                 	37.51           	60.00           	0.64            	0.23            	1.63            	0.038           
Pipe 70                 	36.91           	60.00           	0.50            	0.18            	1.05            	0.039           
Pipe 71                 	33.57           	60.00           	1.15            	0.41            	4.82            	0.035           
Pipe 72                 	68.27           	60.00           	-1.04           	0.37            	4.01            	0.035           
Pipe 73                 	6.66            	60.00           	1.30            	0.46            	6.04            	0.034           
Pipe 74                 	68.1            	80.00           	-2.35           	0.47            	4.49            	0.032           
Pipe 75                 	51.54           	60.00           	0.93            	0.33            	3.26            	0.036           
Pipe 76                 	62.05           	80.00           	2.40            	0.48            	4.65            	0.032           
Pipe 77                 	49.38           	60.00           	1.59            	0.56            	8.81            	0.033           
Pipe 78                 	32.23           	60.00           	-0.78           	0.28            	2.36            	0.037           
Pipe 79                 	35.81           	60.00           	0.89            	0.32            	3.04            	0.036           
Pipe 80                 	37.0            	60.00           	1.38            	0.49            	6.84            	0.034           
Pipe 81                 	33.41           	60.00           	1.47            	0.52            	7.66            	0.033           
Pipe 82                 	57.76           	60.00           	-0.11           	0.04            	0.07            	0.049           
Pipe 83                 	61.34           	60.00           	0.61            	0.22            	1.51            	0.038           
Pipe 84                 	36.71           	60.00           	0.62            	0.22            	1.55            	0.038           
Pipe 85                 	45.52           	60.00           	0.35            	0.13            	0.55            	0.041           
Pipe 86                 	57.56           	60.00           	0.51            	0.18            	1.06            	0.039           
Pipe 87                 	36.73           	60.00           	-0.35           	0.12            	0.52            	0.041           
Pipe 88                 	63.21           	60.00           	0.23            	0.08            	0.24            	0.044           
Pipe 89                 	36.83           	60.00           	-0.46           	0.16            	0.89            	0.040           
Pipe 90                 	36.88           	60.00           	0.11            	0.04            	0.07            	0.049           
Pipe 91                 	35.63           	60.00           	-0.58           	0.20            	1.35            	0.038           
Pipe 92                 	37.0            	60.00           	-0.69           	0.24            	1.89            	0.037           
Pipe 93                 	63.22           	60.00           	-0.81           	0.29            	2.52            	0.036           
Pipe 94                 	37.21           	60.00           	-0.56           	0.20            	1.26            	0.038           
Pipe 95                 	200.95          	60.00           	-0.38           	0.14            	0.63            	0.041           
Pipe 96                 	196.35          	60.00           	-0.35           	0.12            	0.53            	0.041           
Pipe 97                 	206.97          	60.00           	-0.35           	0.12            	0.52            	0.041           
Pipe 98                 	54.38           	60.00           	-0.26           	0.09            	0.30            	0.043           
Pipe 99                 	35.24           	60.00           	-0.37           	0.13            	0.59            	0.041           
Pipe 100                	35.1            	60.00           	0.11            	0.04            	0.07            	0.049           
Pipe 101                	36.33           	60.00           	-0.48           	0.17            	0.94            	0.039           
Pipe 102                	47.21           	60.00           	-0.69           	0.24            	1.86            	0.037           
Pipe 103                	34.84           	60.00           	0.21            	0.07            	0.21            	0.044           
Pipe 104                	34.86           	60.00           	-0.37           	0.13            	0.60            	0.041           
Pipe 105                	46.76           	60.00           	-0.28           	0.10            	0.35            	0.043           
Pipe 106                	36.53           	60.00           	-0.02           	0.01            	0.00            	0.068           
Pipe 107                	181.31          	60.00           	-0.71           	0.25            	1.96            	0.037           
Pipe 108                	62.2            	60.00           	0.11            	0.04            	0.07            	0.049           
Pipe 109                	30.7            	60.00           	-0.81           	0.29            	2.55            	0.036           
Pipe 110                	34.31           	60.00           	0.77            	0.27            	2.30            	0.037           
Pipe 111                	105.44          	60.00           	-0.77           	0.27            	2.28            	0.037           
Pipe 112                	37.93           	60.00           	-0.13           	0.05            	0.09            	0.048           
Pipe 113                	66.05           	60.00           	-0.83           	0.29            	2.66            	0.036           
Pipe 114                	29.42           	60.00           	-0.53           	0.19            	1.16            	0.039           
Pipe 115                	29.05           	60.00           	-0.42           	0.15            	0.75            	0.040           
Pipe 116                	27.81           	60.00           	0.11            	0.04            	0.06            	0.049           
Pipe 117                	101.24          	60.00           	0.53            	0.19            	1.16            	0.039           
Pipe 118                	25.9            	60.00           	-0.65           	0.23            	1.68            	0.038           
Pipe 119                	82.2            	60.00           	0.93            	0.33            	3.28            	0.036           
Pipe 120                	26.24           	60.00           	-0.52           	0.19            	1.13            	0.039           
Pipe 121                	24.85           	60.00           	-0.53           	0.19            	1.16            	0.039           
Pipe 122                	7.43            	60.00           	-1.03           	0.37            	3.98            	0.035           
Pipe 123                	31.04           	60.00           	0.39            	0.14            	0.65            	0.041           
Pipe 124                	29.15           	60.00           	0.27            	0.10            	0.34            	0.043           
Pipe 125                	27.33           	60.00           	0.11            	0.04            	0.06            	0.049           
Pipe 126                	15.72           	60.00           	0.38            	0.13            	0.62            	0.041           
Pipe 127                	68.36           	60.00           	-0.29           	0.10            	0.39            	0.042           
Pipe 128                	35.23           	60.00           	-0.76           	0.27            	2.25            	0.037           
Pipe 129                	68.14           	60.00           	-0.25           	0.09            	0.29            	0.043           
Pipe 130                	33.41           	60.00           	0.64            	0.23            	1.62            	0.038           
Pipe 131                	35.22           	60.00           	0.48            	0.17            	0.98            	0.039           
Pipe 132                	67.24           	60.00           	0.37            	0.13            	0.59            	0.041           
Pipe 133                	36.11           	80.00           	2.79            	0.56            	6.17            	0.031           
Pipe 134                	61.69           	60.00           	1.33            	0.47            	6.38            	0.034           
Pipe 135                	44.36           	80.00           	2.60            	0.52            	5.40            	0.032           
Pipe 136                	34.49           	60.00           	0.64            	0.23            	1.66            	0.038           
Pipe 137                	69.11           	60.00           	1.83            	0.65            	11.51           	0.032           
Pipe 138                	36.03           	60.00           	0.82            	0.29            	2.57            	0.036           
Pipe 139                	87.57           	60.00           	-0.05           	0.02            	0.01            	0.055           
Pipe 140                	35.81           	60.00           	0.84            	0.30            	2.68            	0.036           
Pipe 141                	34.99           	60.00           	0.63            	0.22            	1.57            	0.038           
Pipe 142                	68.47           	60.00           	0.07            	0.03            	0.03            	0.052           
Pipe 143                	35.8            	60.00           	0.67            	0.24            	1.76            	0.037           
Pipe 144                	58.25           	60.00           	-0.19           	0.07            	0.18            	0.045           
Pipe 145                	61.37           	60.00           	0.55            	0.19            	1.23            	0.038           
Pipe 146                	57.99           	60.00           	0.23            	0.08            	0.26            	0.044           
Pipe 147                	81.67           	60.00           	0.12            	0.04            	0.07            	0.048           
Pipe 148                	35.22           	60.00           	-0.88           	0.31            	2.98            	0.036           
Pipe 149                	64.32           	60.00           	1.72            	0.61            	10.16           	0.033           
Pipe 150                	28.66           	60.00           	0.95            	0.34            	3.43            	0.035           
Pipe 151                	26.56           	60.00           	0.64            	0.23            	1.65            	0.038           
Pipe 152                	30.82           	60.00           	0.35            	0.12            	0.54            	0.041           
Pipe 153                	16.34           	60.00           	0.49            	0.17            	0.99            	0.039           
Pipe 154                	36.48           	60.00           	0.53            	0.19            	1.15            	0.039           
Pipe 155                	24.85           	60.00           	0.24            	0.08            	0.26            	0.044           
Pipe 156                	24.06           	60.00           	-0.05           	0.02            	0.02            	0.054           
Pipe 157                	28.63           	60.00           	0.17            	0.06            	0.15            	0.046           
Pipe 158                	10.88           	60.00           	0.38            	0.13            	0.61            	0.041           
Pipe 159                	24.58           	60.00           	0.21            	0.07            	0.21            	0.044           
Pipe 160                	23.13           	60.00           	0.06            	0.02            	0.02            	0.054           
Pipe 161                	33.56           	60.00           	0.41            	0.15            	0.73            	0.040           
Pipe 162                	29.6            	60.00           	0.30            	0.11            	0.40            	0.042           
Pipe 163                	11.46           	60.00           	0.09            	0.03            	0.05            	0.050           
Pipe 164                	31.24           	60.00           	0.06            	0.02            	0.02            	0.053           
Pipe 165                	31.05           	60.00           	-0.02           	0.01            	0.00            	0.071           
Pipe 166                	11.8            	60.00           	-0.05           	0.02            	0.02            	0.057           
Pipe 167                	26.64           	60.00           	-0.19           	0.07            	0.17            	0.045           
Pipe 168                	12.19           	60.00           	-0.22           	0.08            	0.23            	0.044           
Pipe 169                	21.66           	60.00           	0.11            	0.04            	0.06            	0.048           
Pipe 170                	60.4            	60.00           	-0.34           	0.12            	0.50            	0.041           
Pipe 171                	50.06           	60.00           	0.24            	0.08            	0.26            	0.044           
Pipe 172                	28.62           	60.00           	-0.04           	0.01            	0.01            	0.057           
Pipe 173                	32.3            	60.00           	-0.66           	0.23            	1.74            	0.037           
Pipe 174                	34.21           	60.00           	0.12            	0.04            	0.07            	0.048           
Pipe 175                	49.66           	60.00           	0.26            	0.09            	0.32            	0.043           
Pipe 176                	34.23           	60.00           	-0.64           	0.23            	1.64            	0.038           
Pipe 177                	85.17           	60.00           	0.22            	0.08            	0.22            	0.044           
Pipe 178                	30.55           	60.00           	-0.02           	0.01            	0.00            	0.058           
Pipe 179                	53.27           	60.00           	-0.75           	0.27            	2.22            	0.037           
Pipe 180                	55.26           	60.00           	-0.11           	0.04            	0.07            	0.049           
Pipe 181                	53.04           	60.00           	-0.23           	0.08            	0.25            	0.044           
Pipe 182                	31.24           	60.00           	-0.52           	0.18            	1.12            	0.039           
Pipe 183                	84.64           	60.00           	0.17            	0.06            	0.14            	0.046           
Pipe 184                	71.83           	60.00           	-0.11           	0.04            	0.07            	0.049           
Pipe 185                	70.66           	60.00           	0.14            	0.05            	0.10            	0.047           
Pipe 186                	89.76           	60.00           	-0.10           	0.03            	0.05            	0.050           
Pipe 187                	66.85           	60.00           	0.11            	0.04            	0.07            	0.049           
Pipe 188                	85.8            	60.00           	-1.52           	0.54            	8.11            	0.033           
Pipe 189                	105.59          	60.00           	1.00            	0.35            	3.72            	0.035           
Pipe 190                	115.27          	60.00           	0.39            	0.14            	0.66            	0.040           
Pipe 191                	53.8            	60.00           	0.28            	0.10            	0.35            	0.043           
Pipe 192                	92.21           	60.00           	0.85            	0.30            	2.79            	0.036           
Pipe 193                	97.83           	60.00           	-0.11           	0.04            	0.06            	0.049           
Pipe 194                	57.14           	60.00           	0.37            	0.13            	0.58            	0.041           
Pipe 195                	75.38           	60.00           	0.61            	0.21            	1.48            	0.038           
Pipe 196                	47.47           	60.00           	-0.48           	0.17            	0.95            	0.039           
Pipe 197                	27.0            	60.00           	0.75            	0.26            	2.17            	0.037           
Pipe 198                	54.02           	60.00           	-0.50           	0.18            	1.04            	0.039           
Pipe 199                	103.78          	60.00           	0.65            	0.23            	1.71            	0.038           
Pipe 200                	81.74           	60.00           	-0.42           	0.15            	0.75            	0.040           
Pipe 201                	53.26           	60.00           	1.15            	0.41            	4.81            	0.035           
Pipe 202                	51.0            	60.00           	-0.90           	0.32            	3.11            	0.036           
Pipe 203                	31.3            	60.00           	0.68            	0.24            	1.81            	0.037           
Pipe 204                	79.32           	60.00           	0.25            	0.09            	0.28            	0.043           
Pipe 205                	90.2            	60.00           	0.08            	0.03            	0.04            	0.051           
Pipe 206                	74.64           	60.00           	0.40            	0.14            	0.67            	0.040           
Pipe 207                	93.22           	60.00           	-1.08           	0.38            	4.34            	0.035           
Pipe 208                	23.45           	60.00           	0.49            	0.17            	0.98            	0.039           
Pipe 209                	53.13           	60.00           	-0.61           	0.22            	1.52            	0.038           
Pipe 210                	29.0            	60.00           	0.43            	0.15            	0.79            	0.040           
Pipe 211                	64.77           	60.00           	0.81            	0.29            	2.51            	0.036           
Pipe 212                	51.88           	60.00           	-0.78           	0.28            	2.37            	0.037           
Pipe 213                	30.18           	60.00           	0.19            	0.07            	0.17            	0.045           
Pipe 214                	30.43           	60.00           	-1.09           	0.38            	4.36            	0.035           
Pipe 215                	32.91           	60.00           	-0.69           	0.24            	1.86            	0.037           
Pipe 216                	29.17           	60.00           	-0.83           	0.29            	2.62            	0.036           
Pipe 217                	45.65           	60.00           	-0.21           	0.07            	0.20            	0.045           
Pipe 218                	42.84           	60.00           	0.22            	0.08            	0.24            	0.044           
Pipe 219                	50.01           	60.00           	-0.69           	0.24            	1.86            	0.037           
Pipe 220                	69.48           	60.00           	-1.35           	0.48            	6.51            	0.034           
Pipe 221                	30.48           	60.00           	1.20            	0.42            	5.26            	0.034           
Pipe 222                	73.32           	80.00           	-3.10           	0.62            	7.48            	0.031           
Pipe 223                	58.49           	80.00           	-1.97           	0.39            	3.24            	0.033           
Pipe 224                	91.79           	60.00           	0.87            	0.31            	2.92            	0.036           
Pipe 225                	12.05           	60.00           	0.11            	0.04            	0.06            	0.049           
Pipe 226                	45.36           	60.00           	0.62            	0.22            	1.55            	0.038           
Pipe 227                	15.73           	60.00           	0.11            	0.04            	0.06            	0.049           
Pipe 228                	50.34           	60.00           	0.39            	0.14            	0.66            	0.040           
Pipe 229                	27.41           	60.00           	0.11            	0.04            	0.06            	0.049           
Pipe 230                	104.93          	60.00           	1.03            	0.36            	3.92            	0.035           
Pipe 231                	49.6            	60.00           	0.56            	0.20            	1.28            	0.038           
Pipe 232                	41.27           	60.00           	0.44            	0.16            	0.82            	0.040           
Pipe 233                	46.59           	60.00           	0.33            	0.12            	0.47            	0.042           
Pipe 234                	42.46           	60.00           	-0.71           	0.25            	1.99            	0.037           
Pipe 235                	31.01           	60.00           	0.84            	0.30            	2.69            	0.036           
Pipe 236                	25.16           	60.00           	-0.83           	0.29            	2.63            	0.036           
Pipe 237                	36.51           	60.00           	0.72            	0.26            	2.05            	0.037           
Pipe 238                	45.2            	60.00           	0.21            	0.07            	0.21            	0.044           
Pipe 239                	70.86           	60.00           	-0.14           	0.05            	0.10            	0.047           
Pipe 240                	74.2            	60.00           	0.23            	0.08            	0.24            	0.044           
Pipe 241                	19.57           	60.00           	-0.26           	0.09            	0.30            	0.043           
Pipe 242                	48.53           	60.00           	0.11            	0.04            	0.06            	0.049           
Pipe 243                	48.51           	60.00           	0.35            	0.12            	0.53            	0.041           
Pipe 244                	33.34           	60.00           	-0.23           	0.08            	0.25            	0.044           
Pipe 245                	30.84           	60.00           	0.23            	0.08            	0.24            	0.044           
Pipe 246                	31.42           	60.00           	0.71            	0.25            	1.97            	0.037           
Pipe 247                	34.25           	60.00           	0.59            	0.21            	1.42            	0.038           
Pipe 248                	30.57           	60.00           	-0.14           	0.05            	0.10            	0.047           
Pipe 249                	22.59           	60.00           	-0.25           	0.09            	0.29            	0.043           
Pipe 250                	19.08           	60.00           	0.11            	0.04            	0.06            	0.049           
Pipe 251                	33.83           	60.00           	0.37            	0.13            	0.58            	0.041           
Pipe 252                	23.05           	60.00           	0.11            	0.04            	0.06            	0.049           
Pipe 253                	61.8            	60.00           	0.24            	0.08            	0.26            	0.044           
Pipe 254                	88.05           	60.00           	-0.36           	0.13            	0.56            	0.041           
Pipe 255                	103.81          	60.00           	0.12            	0.04            	0.07            	0.048           
Pipe 256                	24.5            	60.00           	-0.25           	0.09            	0.30            	0.043           
Pipe 257                	19.7            	60.00           	-0.22           	0.08            	0.23            	0.044           
Pipe 258                	102.79          	60.00           	-0.37           	0.13            	0.60            	0.041           
Pipe 259                	23.37           	60.00           	-0.34           	0.12            	0.50            	0.041           
Pipe 260                	39.29           	60.00           	0.56            	0.20            	1.30            	0.038           
Pipe 261                	124.01          	60.00           	-0.69           	0.24            	1.86            	0.037           
Pipe 262                	39.4            	60.00           	0.45            	0.16            	0.85            	0.040           
Pipe 263                	19.26           	60.00           	0.11            	0.04            	0.06            	0.049           
Pipe 264                	16.12           	60.00           	-0.92           	0.32            	3.19            	0.036           
Pipe 265                	90.1            	60.00           	0.12            	0.04            	0.07            	0.048           
Pipe 266                	106.63          	60.00           	0.21            	0.07            	0.20            	0.044           
Pipe 267                	12.17           	60.00           	-1.03           	0.36            	3.95            	0.035           
Pipe 268                	39.98           	60.00           	-0.51           	0.18            	1.09            	0.039           
Pipe 269                	28.06           	60.00           	0.60            	0.21            	1.45            	0.038           
Pipe 270                	41.21           	60.00           	0.73            	0.26            	2.10            	0.037           
Pipe 271                	42.49           	60.00           	-1.36           	0.48            	6.65            	0.034           
Pipe 272                	36.17           	60.00           	0.11            	0.04            	0.07            	0.049           
Pipe 273                	31.46           	60.00           	0.37            	0.13            	0.59            	0.041           
Pipe 274                	30.86           	60.00           	-0.49           	0.17            	1.01            	0.039           
Pipe 275                	97.11           	60.00           	0.45            	0.16            	0.87            	0.040           
Pipe 276                	46.28           	60.00           	1.23            	0.43            	5.46            	0.034           
Pipe 277                	40.5            	80.00           	-2.30           	0.46            	4.30            	0.032           
Pipe 278                	29.67           	60.00           	1.11            	0.39            	4.54            	0.035           
Pipe 279                	31.51           	60.00           	-1.14           	0.40            	4.78            	0.035           
Pipe 280                	34.29           	60.00           	1.77            	0.63            	10.78           	0.032           
Pipe 281                	36.94           	60.00           	0.41            	0.14            	0.71            	0.040           
Pipe 282                	36.06           	60.00           	0.32            	0.11            	0.45            	0.042           
Pipe 283                	34.66           	60.00           	-0.25           	0.09            	0.30            	0.043           
Pipe 284                	30.87           	60.00           	0.55            	0.19            	1.22            	0.039           
Pipe 285                	33.49           	60.00           	0.59            	0.21            	1.43            	0.038           
Pipe 286                	23.75           	60.00           	-0.39           	0.14            	0.66            	0.040           
Pipe 287                	23.55           	60.00           	1.26            	0.45            	5.75            	0.034           
Pipe 288                	28.01           	60.00           	1.02            	0.36            	3.91            	0.035           
Pipe 289                	35.03           	60.00           	-0.51           	0.18            	1.07            	0.039           
Pipe 290                	62.37           	60.00           	1.41            	0.50            	7.10            	0.033           
Pipe 291                	55.61           	60.00           	0.64            	0.22            	1.62            	0.038           
Pipe 292                	102.71          	60.00           	0.60            	0.21            	1.44            	0.038           
Pipe 293                	53.79           	60.00           	0.69            	0.24            	1.89            	0.037           
Pipe 294                	89.13           	60.00           	0.52            	0.18            	1.10            	0.039           
Pipe 295                	54.23           	60.00           	0.48            	0.17            	0.95            	0.039           
Pipe 296                	26.49           	60.00           	0.58            	0.20            	1.35            	0.038           
Pipe 297                	99.67           	60.00           	0.81            	0.29            	2.53            	0.036           
Pipe 298                	24.59           	60.00           	0.01            	0.00            	0.00            	0.078           
Pipe 299                	23.28           	60.00           	-0.43           	0.15            	0.79            	0.040           
Pipe 300                	56.51           	60.00           	0.69            	0.24            	1.87            	0.037           
Pipe 301                	22.57           	60.00           	-0.10           	0.04            	0.05            	0.049           
Pipe 302                	33.21           	60.00           	-0.88           	0.31            	2.95            	0.036           
Pipe 303                	35.26           	60.00           	0.33            	0.12            	0.49            	0.041           
Pipe 304                	55.15           	60.00           	0.57            	0.20            	1.33            	0.038           
Pipe 305                	20.76           	60.00           	-0.06           	0.02            	0.02            	0.053           
Pipe 306                	25.27           	60.00           	0.52            	0.18            	1.11            	0.039           
Pipe 307                	78.98           	60.00           	0.39            	0.14            	0.66            	0.040           
Pipe 308                	20.03           	60.00           	0.41            	0.14            	0.70            	0.040           
Pipe 309                	31.91           	60.00           	0.13            	0.05            	0.08            	0.048           
Pipe 310                	38.14           	60.00           	0.23            	0.08            	0.24            	0.044           
Pipe 311                	44.72           	60.00           	0.01            	0.01            	0.00            	0.067           
Pipe 312                	40.24           	60.00           	0.11            	0.04            	0.07            	0.049           
Pipe 313                	33.73           	60.00           	0.28            	0.10            	0.34            	0.043           
Pipe 314                	22.46           	60.00           	-0.06           	0.02            	0.02            	0.054           
Pipe 315                	50.5            	60.00           	0.23            	0.08            	0.24            	0.044           
Pipe 316                	84.12           	60.00           	-0.18           	0.06            	0.15            	0.046           
Pipe 317                	37.83           	60.00           	0.11            	0.04            	0.07            	0.049           
Pipe 318                	21.66           	60.00           	-0.29           	0.10            	0.39            	0.042           
Pipe 319                	48.0            	60.00           	0.11            	0.04            	0.07            	0.049           
Pipe 320                	52.04           	60.00           	0.11            	0.04            	0.07            	0.049           
Pipe 321                	33.49           	60.00           	0.07            	0.02            	0.02            	0.053           
Pipe 322                	74.58           	60.00           	-0.18           	0.06            	0.16            	0.045           
Pipe 323                	34.36           	60.00           	-0.14           	0.05            	0.10            	0.047           
Pipe 324                	60.82           	60.00           	0.09            	0.03            	0.04            	0.050           
Pipe 325                	82.16           	60.00           	-0.30           	0.11            	0.41            	0.042           
Pipe 326                	34.78           	60.00           	-0.12           	0.04            	0.07            	0.048           
Pipe 327                	60.92           	60.00           	0.14            	0.05            	0.10            	0.047           
Pipe 328                	104.32          	60.00           	-0.29           	0.10            	0.39            	0.042           
Pipe 329                	34.6            	60.00           	-0.03           	0.01            	0.00            	0.059           
Pipe 330                	36.4            	60.00           	0.12            	0.04            	0.07            	0.048           
Pipe 331                	66.78           	60.00           	-0.54           	0.19            	1.21            	0.039           
Pipe 332                	104.94          	60.00           	-0.24           	0.08            	0.26            	0.044           
Pipe 333                	67.02           	60.00           	-0.56           	0.20            	1.26            	0.038           
Pipe 334                	35.8            	60.00           	0.25            	0.09            	0.30            	0.043           
Pipe 335                	33.42           	60.00           	-0.11           	0.04            	0.06            	0.049           
Pipe 336                	58.65           	60.00           	-0.75           	0.27            	2.20            	0.037           
Pipe 337                	34.31           	60.00           	0.07            	0.03            	0.03            	0.052           
Pipe 338                	36.4            	60.00           	-0.22           	0.08            	0.23            	0.044           
Pipe 339                	58.67           	60.00           	-0.59           	0.21            	1.41            	0.038           
Pipe 340                	53.82           	80.00           	-2.81           	0.56            	6.25            	0.031           
Pipe 341                	121.2           	60.00           	1.32            	0.47            	6.23            	0.034           
Pipe 342                	110.07          	60.00           	1.37            	0.48            	6.66            	0.034           
Pipe 343                	40.98           	80.00           	-3.29           	0.65            	8.34            	0.031           
Pipe 344                	47.89           	60.00           	0.35            	0.13            	0.55            	0.041           
Pipe 345                	67.14           	60.00           	0.29            	0.10            	0.38            	0.042           
Pipe 346                	35.53           	60.00           	0.90            	0.32            	3.07            	0.036           
Pipe 347                	35.94           	60.00           	0.93            	0.33            	3.26            	0.036           
Pipe 348                	63.98           	60.00           	0.31            	0.11            	0.43            	0.042           
Pipe 349                	163.32          	60.00           	0.14            	0.05            	0.10            	0.047           
Pipe 350                	47.15           	100.00          	-6.05           	0.77            	8.71            	0.029           
Pipe 351                	47.66           	80.00           	2.49            	0.50            	5.00            	0.032           
Pipe 352                	39.85           	60.00           	-0.93           	0.33            	3.25            	0.036           
Pipe 353                	46.77           	60.00           	1.16            	0.41            	4.95            	0.034           
Pipe 354                	35.57           	60.00           	-0.57           	0.20            	1.31            	0.038           
Pipe 355                	40.71           	60.00           	0.74            	0.26            	2.14            	0.037           
Pipe 356                	67.13           	60.00           	0.10            	0.04            	0.06            	0.049           
Pipe 357                	45.96           	60.00           	0.31            	0.11            	0.44            	0.042           
Pipe 358                	75.23           	60.00           	0.36            	0.13            	0.56            	0.041           
Pipe 359                	46.27           	60.00           	0.41            	0.14            	0.72            	0.040           
Pipe 360                	73.83           	60.00           	0.40            	0.14            	0.68            	0.040           
Pipe 361                	71.46           	60.00           	0.19            	0.07            	0.18            	0.045           
Pipe 362                	13.59           	60.00           	-0.57           	0.20            	1.34            	0.038           
Pipe 363                	62.07           	60.00           	0.46            	0.16            	0.88            	0.040           
Pipe 364                	44.67           	60.00           	-0.69           	0.24            	1.87            	0.037           
Pipe 365                	34.45           	60.00           	0.04            	0.01            	0.01            	0.056           
Pipe 366                	58.55           	60.00           	0.30            	0.11            	0.41            	0.042           
Pipe 367                	34.61           	60.00           	0.58            	0.20            	1.36            	0.038           
Pipe 368                	36.4            	60.00           	-0.35           	0.13            	0.55            	0.041           
Pipe 369                	57.99           	60.00           	0.27            	0.10            	0.34            	0.043           
Pipe 370                	34.31           	60.00           	-0.16           	0.06            	0.12            	0.046           
Pipe 371                	67.24           	60.00           	0.34            	0.12            	0.50            	0.041           
Pipe 372                	161.95          	60.00           	-0.48           	0.17            	0.95            	0.039           
Pipe 373                	118.26          	80.00           	-2.09           	0.42            	3.62            	0.033           
Pipe 374                	37.59           	60.00           	1.48            	0.52            	7.77            	0.033           
Pipe 375                	147.09          	60.00           	1.36            	0.48            	6.63            	0.034           
Pipe 376                	48.16           	60.00           	1.45            	0.51            	7.42            	0.033           
Pipe 377                	27.02           	60.00           	1.24            	0.44            	5.57            	0.034           
Pipe 378                	56.43           	60.00           	0.61            	0.21            	1.48            	0.038           
Pipe 379                	88.12           	60.00           	0.51            	0.18            	1.09            	0.039           
Pipe 380                	66.92           	60.00           	1.19            	0.42            	5.14            	0.034           
Pipe 381                	35.38           	60.00           	0.14            	0.05            	0.10            	0.047           
Pipe 382                	48.15           	60.00           	0.96            	0.34            	3.44            	0.035           
Pipe 383                	35.33           	60.00           	0.11            	0.04            	0.06            	0.049           
Pipe 384                	67.04           	60.00           	1.18            	0.42            	5.11            	0.034           
Pipe 385                	51.02           	60.00           	0.84            	0.30            	2.70            	0.036           
Pipe 386                	48.53           	60.00           	1.17            	0.42            	5.03            	0.034           
Pipe 387                	43.97           	60.00           	0.72            	0.26            	2.05            	0.037           
Pipe 388                	54.56           	60.00           	1.06            	0.37            	4.14            	0.035           
Pipe 389                	44.38           	60.00           	0.61            	0.21            	1.48            	0.038           
Pipe 390                	55.48           	60.00           	0.49            	0.17            	1.00            	0.039           
Pipe 391                	52.4            	60.00           	-0.25           	0.09            	0.29            	0.043           
Pipe 392                	75.17           	60.00           	0.62            	0.22            	1.54            	0.038           
Pipe 393                	45.99           	60.00           	0.37            	0.13            	0.59            	0.041           
Pipe 394                	51.49           	60.00           	0.24            	0.08            	0.27            	0.044           
Pipe 395                	51.72           	60.00           	0.00            	0.00            	0.00            	0.000           
Pipe 396                	70.64           	60.00           	0.26            	0.09            	0.30            	0.043           
Pipe 397                	117.98          	60.00           	0.12            	0.04            	0.07            	0.048           
Pipe 398                	46.51           	60.00           	-0.35           	0.12            	0.53            	0.041           
Pipe 399                	67.76           	60.00           	0.22            	0.08            	0.23            	0.044           
Pipe 400                	57.36           	60.00           	-0.14           	0.05            	0.10            	0.047           
Pipe 401                	192.01          	60.00           	0.27            	0.09            	0.32            	0.043           
Pipe 402                	67.22           	60.00           	0.37            	0.13            	0.60            	0.041           
Pipe 403                	59.27           	60.00           	0.04            	0.01            	0.01            	0.057           
Pipe 404                	66.96           	60.00           	-0.07           	0.03            	0.03            	0.052           
Pipe 405                	196.51          	60.00           	0.27            	0.10            	0.33            	0.043           
Pipe 406                	49.06           	60.00           	-0.05           	0.02            	0.01            	0.055           
Pipe 407                	70.18           	60.00           	0.24            	0.09            	0.27            	0.043           
Pipe 408                	40.35           	60.00           	-0.12           	0.04            	0.07            	0.048           
Pipe 409                	187.96          	60.00           	0.26            	0.09            	0.32            	0.043           
Pipe 410                	81.96           	60.00           	-0.08           	0.03            	0.04            	0.051           
Pipe 411                	92.65           	60.00           	0.21            	0.08            	0.21            	0.044           
Pipe 412                	81.05           	60.00           	-0.14           	0.05            	0.09            	0.047           
Pipe 413                	89.64           	60.00           	0.18            	0.06            	0.16            	0.045           
Pipe 414                	75.46           	60.00           	0.24            	0.08            	0.26            	0.044           
Pipe 415                	42.63           	60.00           	0.01            	0.00            	0.00            	0.051           
Pipe 416                	85.87           	60.00           	-0.22           	0.08            	0.23            	0.044           
Pipe 417                	85.89           	60.00           	0.21            	0.07            	0.21            	0.044           
Pipe 418                	40.95           	60.00           	-0.11           	0.04            	0.06            	0.049           
Pipe 419                	188.23          	60.00           	0.22            	0.08            	0.22            	0.044           
Pipe 420                	41.18           	60.00           	0.17            	0.06            	0.14            	0.046           
Pipe 421                	81.43           	60.00           	-0.14           	0.05            	0.10            	0.047           
Pipe 422                	41.41           	60.00           	-0.14           	0.05            	0.10            	0.047           
Pipe 423                	189.26          	60.00           	0.18            	0.07            	0.16            	0.045           
Pipe 424                	31.55           	60.00           	0.08            	0.03            	0.03            	0.051           
Pipe 425                	34.28           	60.00           	-0.04           	0.01            	0.01            	0.057           
Pipe 426                	65.02           	60.00           	0.45            	0.16            	0.84            	0.040           
Pipe 427                	41.33           	60.00           	0.39            	0.14            	0.67            	0.040           
Pipe 428                	41.41           	60.00           	-0.28           	0.10            	0.35            	0.043           
Pipe 429                	41.02           	60.00           	0.61            	0.21            	1.48            	0.038           
Pipe 430                	41.29           	60.00           	0.26            	0.09            	0.31            	0.043           
Pipe 431                	198.52          	60.00           	0.22            	0.08            	0.22            	0.044           
Pipe 432                	82.93           	60.00           	0.09            	0.03            	0.04            	0.050           
Pipe 433                	84.57           	60.00           	0.09            	0.03            	0.04            	0.050           
Pipe 434                	78.08           	60.00           	0.15            	0.05            	0.11            	0.047           
Pipe 435                	91.14           	60.00           	0.23            	0.08            	0.25            	0.044           
Pipe 436                	39.13           	60.00           	0.11            	0.04            	0.07            	0.049           
Pipe 437                	127.39          	60.00           	-0.12           	0.04            	0.07            	0.048           
Pipe 438                	47.02           	60.00           	-0.27           	0.10            	0.34            	0.043           
Pipe 439                	49.01           	60.00           	0.03            	0.01            	0.01            	0.060           
Pipe 440                	49.2            	60.00           	-0.05           	0.02            	0.01            	0.056           
Pipe 441                	41.89           	60.00           	-0.35           	0.12            	0.52            	0.041           
Pipe 442                	94.89           	60.00           	0.19            	0.07            	0.17            	0.045           
Pipe 443                	47.28           	60.00           	-0.28           	0.10            	0.36            	0.043           
Pipe 444                	92.18           	60.00           	-0.02           	0.01            	0.00            	0.062           
Pipe 445                	164.41          	60.00           	-0.11           	0.04            	0.06            	0.049           
Pipe 446                	74.58           	60.00           	-0.40           	0.14            	0.70            	0.040           
Pipe 447                	47.5            	60.00           	0.26            	0.09            	0.31            	0.043           
Pipe 448                	39.24           	60.00           	0.11            	0.04            	0.07            	0.049           
Pipe 449                	38.23           	60.00           	-0.35           	0.12            	0.53            	0.041           
Pipe 450                	82.24           	60.00           	-0.97           	0.34            	3.53            	0.035           
Pipe 451                	94.23           	60.00           	0.38            	0.13            	0.63            	0.041           
Pipe 452                	78.68           	60.00           	0.05            	0.02            	0.02            	0.055           
Pipe 453                	46.5            	60.00           	0.14            	0.05            	0.10            	0.047           
Pipe 454                	74.88           	60.00           	-0.20           	0.07            	0.19            	0.045           
Pipe 455                	67.27           	60.00           	-0.27           	0.09            	0.33            	0.043           
Pipe 456                	46.8            	60.00           	-0.04           	0.01            	0.01            	0.057           
Pipe 457                	62.77           	60.00           	-0.08           	0.03            	0.04            	0.051           
Pipe 458                	48.94           	60.00           	-0.15           	0.05            	0.12            	0.047           
Pipe 459                	46.44           	60.00           	-0.20           	0.07            	0.19            	0.045           
Pipe 460                	47.78           	60.00           	-0.27           	0.10            	0.33            	0.043           
Pipe 461                	84.0            	60.00           	-0.18           	0.06            	0.15            	0.046           
Pipe 462                	41.19           	60.00           	-0.16           	0.06            	0.13            	0.046           
Pipe 463                	70.87           	60.00           	0.05            	0.02            	0.01            	0.055           
Pipe 464                	29.33           	60.00           	-0.28           	0.10            	0.35            	0.043           
Pipe 465                	47.86           	60.00           	-0.07           	0.03            	0.03            	0.052           
Pipe 466                	88.39           	60.00           	-0.40           	0.14            	0.67            	0.040           
Pipe 467                	60.17           	60.00           	-0.38           	0.14            	0.64            	0.041           
Pipe 468                	46.37           	60.00           	-0.08           	0.03            	0.04            	0.051           
Pipe 469                	46.41           	60.00           	-0.34           	0.12            	0.49            	0.041           
Pipe 470                	56.91           	60.00           	0.50            	0.18            	1.05            	0.039           
Pipe 471                	73.14           	60.00           	-0.96           	0.34            	3.47            	0.035           
Pipe 472                	44.92           	60.00           	-0.45           	0.16            	0.84            	0.040           
Pipe 473                	34.25           	60.00           	-0.18           	0.06            	0.15            	0.046           
Pipe 474                	44.94           	60.00           	-0.29           	0.10            	0.37            	0.042           
Pipe 475                	27.92           	60.00           	-0.85           	0.30            	2.77            	0.036           
Pipe 476                	48.91           	60.00           	-0.68           	0.24            	1.82            	0.037           
Pipe 477                	79.62           	60.00           	0.38            	0.13            	0.62            	0.041           
Pipe 478                	34.36           	80.00           	-2.29           	0.46            	4.28            	0.032           
Pipe 479                	82.99           	60.00           	0.64            	0.23            	1.65            	0.038           
Pipe 480                	47.25           	60.00           	-0.07           	0.02            	0.03            	0.053           
Pipe 481                	69.66           	60.00           	0.32            	0.11            	0.46            	0.042           
Pipe 482                	29.27           	60.00           	0.45            	0.16            	0.87            	0.040           
Pipe 483                	45.19           	60.00           	0.07            	0.02            	0.02            	0.052           
Pipe 484                	38.85           	60.00           	-0.36           	0.13            	0.56            	0.041           
Pipe 485                	138.84          	60.00           	0.24            	0.08            	0.26            	0.044           
Pipe 486                	41.42           	60.00           	-0.47           	0.17            	0.94            	0.039           
Pipe 487                	59.69           	60.00           	0.11            	0.04            	0.07            	0.049           
Pipe 488                	39.23           	60.00           	-0.59           	0.21            	1.41            	0.038           
Pipe 489                	41.34           	60.00           	-0.71           	0.25            	1.96            	0.037           
Pipe 490                	40.63           	60.00           	-0.82           	0.29            	2.60            	0.036           
Pipe 491                	55.59           	60.00           	-0.94           	0.33            	3.32            	0.036           
Pipe 492                	33.76           	60.00           	0.59            	0.21            	1.39            	0.038           
Pipe 493                	38.05           	60.00           	0.36            	0.13            	0.55            	0.041           
Pipe 494                	47.48           	60.00           	0.11            	0.04            	0.07            	0.049           
Pipe 495                	140.18          	60.00           	0.23            	0.08            	0.25            	0.044           
Pipe 496                	34.18           	60.00           	1.02            	0.36            	3.86            	0.035           
Pipe 497                	37.92           	60.00           	0.94            	0.33            	3.35            	0.036           
Pipe 498                	25.85           	60.00           	0.11            	0.04            	0.06            	0.049           
Pipe 499                	23.37           	60.00           	0.19            	0.07            	0.17            	0.045           
Pipe 500                	52.0            	60.00           	-0.30           	0.11            	0.40            	0.042           
Pipe 501                	22.96           	60.00           	0.07            	0.03            	0.03            	0.052           
Pipe 502                	17.06           	60.00           	-0.42           	0.15            	0.74            	0.040           
Pipe 503                	21.03           	60.00           	0.13            	0.05            	0.09            	0.047           
Pipe 504                	24.3            	60.00           	-0.18           	0.06            	0.15            	0.046           
Pipe 505                	40.96           	60.00           	0.37            	0.13            	0.60            	0.041           
Pipe 506                	31.01           	60.00           	-0.90           	0.32            	3.10            	0.036           
Pipe 507                	16.52           	60.00           	0.02            	0.01            	0.00            	0.065           
Pipe 508                	28.62           	60.00           	-0.04           	0.01            	0.01            	0.056           
Pipe 509                	33.58           	60.00           	-0.26           	0.09            	0.30            	0.043           
Pipe 510                	27.27           	60.00           	-0.09           	0.03            	0.04            	0.050           
Pipe 511                	23.62           	60.00           	0.20            	0.07            	0.20            	0.045           
Pipe 512                	39.04           	60.00           	-0.36           	0.13            	0.55            	0.041           
Pipe 513                	48.17           	60.00           	-0.38           	0.14            	0.63            	0.041           
Pipe 514                	54.5            	60.00           	-0.09           	0.03            	0.05            	0.050           
Pipe 515                	31.6            	60.00           	-0.83           	0.29            	2.63            	0.036           
Pipe 516                	36.15           	60.00           	0.33            	0.12            	0.47            	0.042           
Pipe 517                	52.05           	60.00           	-0.21           	0.07            	0.21            	0.044           
Pipe 518                	199.77          	60.00           	-0.75           	0.27            	2.20            	0.037           
Pipe 519                	58.0            	60.00           	0.62            	0.22            	1.56            	0.038           
Pipe 520                	114.12          	60.00           	0.04            	0.01            	0.01            	0.057           
Pipe 521                	120.64          	60.00           	0.50            	0.18            	1.04            	0.039           
Pipe 522                	63.52           	60.00           	-0.15           	0.05            	0.11            	0.047           
Pipe 523                	40.46           	60.00           	0.06            	0.02            	0.02            	0.053           
Pipe 524                	29.39           	60.00           	0.38            	0.13            	0.63            	0.041           
Pipe 525                	49.95           	60.00           	0.67            	0.24            	1.79            	0.037           
Pipe 526                	46.29           	60.00           	0.11            	0.04            	0.07            	0.049           
Pipe 527                	47.73           	60.00           	0.44            	0.16            	0.81            	0.040           
Pipe 528                	44.44           	60.00           	0.17            	0.06            	0.15            	0.046           
Pipe 529                	84.15           	60.00           	0.08            	0.03            	0.04            	0.051           
Pipe 530                	42.11           	60.00           	1.61            	0.57            	9.08            	0.033           
Pipe 531                	76.64           	60.00           	-0.12           	0.04            	0.07            	0.048           
Pipe 532                	38.38           	60.00           	0.58            	0.21            	1.37            	0.038           
Pipe 533                	44.18           	60.00           	-1.15           	0.41            	4.86            	0.034           
Pipe 534                	207.24          	60.00           	0.32            	0.11            	0.45            	0.042           
Pipe 535                	43.41           	60.00           	0.47            	0.17            	0.91            	0.039           
Pipe 536                	39.61           	60.00           	-1.27           	0.45            	5.81            	0.034           
Pipe 537                	83.02           	60.00           	0.19            	0.07            	0.17            	0.045           
Pipe 538                	85.9            	60.00           	-0.04           	0.01            	0.01            	0.057           
Pipe 539                	20.2            	60.00           	-0.27           	0.09            	0.33            	0.043           
Pipe 540                	21.77           	60.00           	0.11            	0.04            	0.06            	0.049           
Pipe 541                	39.21           	60.00           	1.50            	0.53            	7.92            	0.033           
Pipe 542                	61.33           	60.00           	-0.06           	0.02            	0.02            	0.054           
Pipe 543                	121.37          	60.00           	-0.21           	0.07            	0.20            	0.044           
Pipe 544                	187.26          	60.00           	0.08            	0.03            	0.03            	0.051           
Pipe 545                	207.99          	60.00           	0.12            	0.04            	0.08            	0.048           
Pipe 546                	126.05          	60.00           	-0.05           	0.02            	0.02            	0.054           
Pipe 547                	84.36           	60.00           	0.18            	0.06            	0.15            	0.046           
Pipe 548                	43.21           	60.00           	-1.38           	0.49            	6.82            	0.034           
