/Users/conrad/Documents/EC/Course_deuxiemme_annee/Project_Inno/Projet_P5C006/Monterusciello_solution/Monterusciello_acqueduct
Network Table - Nodes
                        	Elevation       	Demand          	Head            	Pressure        
 Node ID                	m               	LPS             	m               	m               
Junc 0                  	76.0            	0.11            	157.69          	81.69           
Junc 1                  	51.0            	0.11            	154.59          	103.59          
Junc 2                  	105.5           	0.11            	160.21          	54.71           
Junc 3                  	50.0            	0.11            	156.69          	106.69          
Junc 4                  	92.5            	0.11            	156.06          	63.56           
Junc 6                  	77.0            	0.11            	156.08          	79.08           
Junc 7                  	58.5            	0.11            	154.62          	96.12           
Junc 8                  	85.11           	0.11            	154.50          	69.39           
Junc 9                  	90.55           	0.11            	154.03          	63.48           
Junc 10                 	76.44           	0.11            	154.50          	78.06           
Junc 11                 	85.19           	0.11            	154.03          	68.84           
Junc 12                 	75.53           	0.11            	154.52          	78.99           
Junc 13                 	78.85           	0.11            	154.24          	75.39           
Junc 14                 	96.31           	0.11            	153.46          	57.15           
Junc 15                 	89.56           	0.11            	153.47          	63.91           
Junc 16                 	98.27           	0.11            	153.46          	55.19           
Junc 17                 	90.52           	0.11            	153.74          	63.22           
Junc 18                 	87.74           	0.11            	153.20          	65.46           
Junc 19                 	105.83          	0.11            	150.98          	45.15           
Junc 20                 	81.61           	0.11            	156.36          	74.75           
Junc 21                 	83.36           	0.11            	153.20          	69.84           
Junc 22                 	79.56           	0.11            	156.36          	76.80           
Junc 23                 	86.89           	0.11            	153.20          	66.31           
Junc 24                 	74.28           	0.11            	156.17          	81.89           
Junc 25                 	79.61           	0.11            	156.56          	76.95           
Junc 26                 	80.28           	0.11            	156.15          	75.87           
Junc 27                 	81.53           	0.11            	157.04          	75.51           
Junc 28                 	81.82           	0.11            	146.04          	64.22           
Junc 29                 	81.41           	0.11            	156.84          	75.43           
Junc 30                 	87.64           	0.11            	152.55          	64.91           
Junc 31                 	77.93           	0.11            	157.24          	79.31           
Junc 32                 	80.5            	0.11            	146.04          	65.54           
Junc 33                 	83.82           	0.11            	152.55          	68.73           
Junc 34                 	80.43           	0.11            	156.70          	76.27           
Junc 35                 	86.89           	0.11            	152.23          	65.34           
Junc 36                 	76.17           	0.11            	157.35          	81.18           
Junc 37                 	76.73           	0.11            	157.65          	80.92           
Junc 38                 	70.47           	0.11            	157.30          	86.83           
Junc 39                 	71.11           	0.11            	157.28          	86.17           
Junc 40                 	70.78           	0.11            	146.08          	75.30           
Junc 41                 	71.15           	0.11            	157.29          	86.14           
Junc 42                 	66.58           	0.11            	146.07          	79.49           
Junc 43                 	71.04           	0.11            	146.08          	75.04           
Junc 44                 	75.39           	0.11            	146.09          	70.70           
Junc 45                 	70.24           	0.11            	146.10          	75.86           
Junc 46                 	126.06          	0.11            	148.42          	22.36           
Junc 47                 	125.84          	0.11            	148.44          	22.60           
Junc 48                 	123.17          	0.11            	148.41          	25.24           
Junc 49                 	124.3           	0.11            	148.47          	24.17           
Junc 50                 	123.63          	0.11            	148.41          	24.78           
Junc 51                 	123.3           	0.11            	148.52          	25.22           
Junc 52                 	121.53          	0.11            	148.58          	27.05           
Junc 53                 	119.77          	0.11            	148.73          	28.96           
Junc 54                 	117.96          	0.11            	149.00          	31.04           
Junc 55                 	94.12           	0.11            	148.48          	54.36           
Junc 56                 	110.47          	0.11            	150.75          	40.28           
Junc 57                 	93.73           	0.11            	148.39          	54.66           
Junc 58                 	87.98           	0.11            	148.46          	60.48           
Junc 59                 	93.73           	0.11            	148.48          	54.75           
Junc 60                 	94.38           	0.11            	148.48          	54.10           
Junc 61                 	109.74          	0.11            	151.09          	41.35           
Junc 62                 	90.09           	0.11            	147.88          	57.79           
Junc 63                 	108.75          	0.11            	151.05          	42.30           
Junc 64                 	97.53           	0.11            	151.93          	54.40           
Junc 65                 	113.34          	0.11            	151.09          	37.75           
Junc 66                 	108.02          	0.11            	151.02          	43.00           
Junc 67                 	88.56           	0.11            	152.25          	63.69           
Junc 68                 	105.19          	0.11            	150.97          	45.78           
Junc 69                 	104.53          	0.11            	150.97          	46.44           
Junc 70                 	88.89           	0.11            	152.23          	63.34           
Junc 71                 	85.27           	0.11            	146.03          	60.76           
Junc 72                 	87.44           	0.11            	152.24          	64.80           
Junc 73                 	90.66           	0.11            	147.88          	57.22           
Junc 74                 	83.53           	0.11            	146.03          	62.50           
Junc 75                 	88.79           	0.11            	152.42          	63.63           
Junc 76                 	87.36           	0.11            	152.57          	65.21           
Junc 77                 	86.2            	0.11            	152.56          	66.36           
Junc 78                 	88.89           	0.11            	152.78          	63.89           
Junc 79                 	89.14           	0.11            	153.00          	63.86           
Junc 80                 	87.83           	0.11            	153.87          	66.04           
Junc 81                 	90.85           	0.11            	153.87          	63.02           
Junc 82                 	89.52           	0.11            	153.82          	64.30           
Junc 83                 	79.73           	0.11            	154.25          	74.52           
Junc 84                 	81.33           	0.11            	146.14          	64.81           
Junc 85                 	74.61           	0.11            	146.14          	71.53           
Junc 86                 	73.48           	0.11            	146.33          	72.85           
Junc 87                 	75.87           	0.11            	156.69          	80.82           
Junc 88                 	70.62           	0.11            	157.28          	86.66           
Junc 89                 	74.84           	0.11            	156.29          	81.45           
Junc 90                 	70.1            	0.11            	155.77          	85.67           
Junc 91                 	73.65           	0.11            	155.78          	82.13           
Junc 92                 	69.64           	0.11            	155.87          	86.23           
Junc 93                 	74.01           	0.11            	154.23          	80.22           
Junc 94                 	69.89           	0.11            	155.31          	85.42           
Junc 95                 	74.89           	0.11            	154.54          	79.65           
Junc 96                 	79.62           	0.11            	154.24          	74.62           
Junc 97                 	70.9            	0.11            	155.12          	84.22           
Junc 98                 	71.86           	0.11            	154.81          	82.95           
Junc 99                 	69.79           	0.11            	154.80          	85.01           
Junc 100                	88.96           	0.11            	148.46          	59.50           
Junc 101                	79.14           	0.11            	147.01          	67.87           
Junc 102                	80.43           	0.11            	146.75          	66.32           
Junc 103                	64.8            	0.11            	155.04          	90.24           
Junc 104                	61.53           	0.11            	154.43          	92.90           
Junc 105                	61.13           	0.11            	153.23          	92.10           
Junc 106                	61.44           	0.11            	154.21          	92.77           
Junc 107                	69.93           	0.11            	154.79          	84.86           
Junc 108                	60.41           	0.11            	153.23          	92.82           
Junc 109                	57.17           	0.11            	153.23          	96.06           
Junc 110                	57.91           	0.11            	153.23          	95.32           
Junc 111                	57.92           	0.11            	153.23          	95.31           
Junc 112                	54.92           	0.11            	153.27          	98.35           
Junc 113                	60.62           	0.11            	153.94          	93.32           
Junc 114                	58.65           	0.11            	153.73          	95.08           
Junc 115                	55.76           	0.11            	153.31          	97.55           
Junc 116                	54.5            	0.11            	153.34          	98.84           
Junc 117                	56.66           	0.11            	153.31          	96.65           
Junc 118                	55.46           	0.11            	153.46          	98.00           
Junc 119                	56.02           	0.11            	153.58          	97.56           
Junc 120                	55.44           	0.11            	152.89          	97.45           
Junc 121                	55.68           	0.11            	152.89          	97.21           
Junc 122                	53.91           	0.11            	152.89          	98.98           
Junc 123                	54.76           	0.11            	152.92          	98.16           
Junc 124                	53.16           	0.11            	152.83          	99.67           
Junc 125                	55.06           	0.11            	153.84          	98.78           
Junc 126                	55.04           	0.11            	153.06          	98.02           
Junc 127                	71.44           	0.11            	150.28          	78.84           
Junc 128                	70.05           	0.11            	150.28          	80.23           
Junc 129                	68.57           	0.11            	150.29          	81.72           
Junc 130                	52.5            	0.11            	152.79          	100.29          
Junc 131                	53.58           	0.11            	152.79          	99.21           
Junc 132                	54.17           	0.11            	152.76          	98.59           
Junc 133                	61.71           	0.11            	154.00          	92.29           
Junc 134                	59.39           	0.11            	154.00          	94.61           
Junc 135                	65.27           	0.11            	151.22          	85.95           
Junc 136                	62.26           	0.11            	153.86          	91.60           
Junc 137                	58.92           	0.11            	154.02          	95.10           
Junc 138                	60.54           	0.11            	153.91          	93.37           
Junc 139                	66.19           	0.11            	150.83          	84.64           
Junc 140                	64.79           	0.11            	151.47          	86.68           
Junc 141                	66.56           	0.11            	150.58          	84.02           
Junc 142                	59.69           	0.11            	153.86          	94.17           
Junc 143                	62.11           	0.11            	153.58          	91.47           
Junc 144                	55.37           	0.11            	153.84          	98.47           
Junc 145                	56.27           	0.11            	152.75          	96.48           
Junc 146                	56.3            	0.11            	152.75          	96.45           
Junc 147                	55.65           	0.11            	153.85          	98.20           
Junc 148                	55.17           	0.11            	153.35          	98.18           
Junc 149                	55.71           	0.11            	153.55          	97.84           
Junc 150                	56.11           	0.11            	153.86          	97.75           
Junc 151                	56.58           	0.11            	154.25          	97.67           
Junc 152                	57.85           	0.11            	154.14          	96.29           
Junc 153                	56.98           	0.11            	153.55          	96.57           
Junc 154                	56.42           	0.11            	153.54          	97.12           
Junc 155                	58.46           	0.11            	154.57          	96.11           
Junc 156                	59.67           	0.11            	153.77          	94.10           
Junc 157                	55.61           	0.11            	153.54          	97.93           
Junc 158                	59.31           	0.11            	153.28          	93.97           
Junc 159                	60.52           	0.11            	153.93          	93.41           
Junc 160                	63.03           	0.11            	153.91          	90.88           
Junc 161                	60.49           	0.11            	153.93          	93.44           
Junc 162                	66.26           	0.11            	150.83          	84.57           
Junc 163                	66.7            	0.11            	150.73          	84.03           
Junc 164                	67.83           	0.11            	150.59          	82.76           
Junc 165                	68.91           	0.11            	149.76          	80.85           
Junc 166                	69.31           	0.11            	149.54          	80.23           
Junc 167                	64.81           	0.11            	151.84          	87.03           
Junc 168                	63.19           	0.11            	152.06          	88.87           
Junc 169                	64.61           	0.11            	149.13          	84.52           
Junc 170                	67.49           	0.11            	149.33          	81.84           
Junc 171                	67.77           	0.11            	149.17          	81.40           
Junc 172                	65.95           	0.11            	149.13          	83.18           
Junc 173                	68.15           	0.11            	149.08          	80.93           
Junc 174                	64.76           	0.11            	149.13          	84.37           
Junc 175                	66.42           	0.11            	149.04          	82.62           
Junc 176                	59.31           	0.11            	153.28          	93.97           
Junc 177                	62.08           	0.11            	153.29          	91.21           
Junc 178                	61.5            	0.11            	153.03          	91.53           
Junc 179                	63.18           	0.11            	152.20          	89.02           
Junc 180                	63.09           	0.11            	152.38          	89.29           
Junc 181                	62.6            	0.11            	152.76          	90.16           
Junc 182                	60.77           	0.11            	152.76          	91.99           
Junc 183                	62.56           	0.11            	152.53          	89.97           
Junc 184                	64.92           	0.11            	149.04          	84.12           
Junc 185                	65.93           	0.11            	149.03          	83.10           
Junc 186                	65.99           	0.11            	149.03          	83.04           
Junc 187                	80.68           	0.11            	150.29          	69.61           
Junc 188                	73.3            	0.11            	150.28          	76.98           
Junc 189                	83.84           	0.11            	150.33          	66.49           
Junc 190                	74.02           	0.11            	150.27          	76.25           
Junc 191                	84.07           	0.11            	150.38          	66.31           
Junc 192                	86.08           	0.11            	150.33          	64.25           
Junc 193                	90.19           	0.11            	154.53          	64.34           
Junc 194                	93.27           	0.11            	154.21          	60.94           
Junc 195                	85.21           	0.11            	155.58          	70.37           
Junc 196                	94.46           	0.11            	153.90          	59.44           
Junc 197                	83.52           	0.11            	155.58          	72.06           
Junc 198                	85.57           	0.11            	155.73          	70.16           
Junc 199                	91.76           	0.11            	153.90          	62.14           
Junc 200                	97.4            	0.11            	153.12          	55.72           
Junc 201                	95.94           	0.11            	153.12          	57.18           
Junc 202                	99.99           	0.11            	152.94          	52.95           
Junc 203                	88.44           	0.11            	150.62          	62.18           
Junc 204                	92.01           	0.11            	150.71          	58.70           
Junc 205                	86.24           	0.11            	150.33          	64.09           
Junc 206                	93.73           	0.11            	150.92          	57.19           
Junc 207                	92.89           	0.11            	150.71          	57.82           
Junc 208                	86.77           	0.11            	155.84          	69.07           
Junc 209                	90.04           	0.11            	155.94          	65.90           
Junc 210                	95.61           	0.11            	153.11          	57.50           
Junc 211                	97.4            	0.11            	152.92          	55.52           
Junc 212                	101.26          	0.11            	152.58          	51.32           
Junc 213                	97.86           	0.11            	152.92          	55.06           
Junc 214                	97.05           	0.11            	152.91          	55.86           
Junc 215                	101.17          	0.11            	152.77          	51.60           
Junc 216                	100.69          	0.11            	152.43          	51.74           
Junc 217                	99.61           	0.11            	152.29          	52.68           
Junc 218                	97.55           	0.11            	152.13          	54.58           
Junc 219                	107.04          	0.11            	150.79          	43.75           
Junc 220                	98.67           	0.11            	151.89          	53.22           
Junc 221                	110.83          	0.11            	149.84          	39.01           
Junc 222                	112.15          	0.11            	150.79          	38.64           
Junc 223                	98.64           	0.11            	151.51          	52.87           
Junc 224                	107.06          	0.11            	151.15          	44.09           
Junc 225                	98.79           	0.11            	151.50          	52.71           
Junc 226                	98.45           	0.11            	151.32          	52.87           
Junc 227                	110.57          	0.11            	150.97          	40.40           
Junc 228                	113.32          	0.11            	150.81          	37.49           
Junc 229                	114.22          	0.11            	150.80          	36.58           
Junc 230                	114.23          	0.11            	150.62          	36.39           
Junc 231                	111.95          	0.11            	149.84          	37.89           
Junc 232                	114.48          	0.11            	149.87          	35.39           
Junc 233                	109.3           	0.11            	149.83          	40.53           
Junc 234                	112.9           	0.11            	149.92          	37.02           
Junc 235                	115.89          	0.11            	149.92          	34.03           
Junc 236                	116.41          	0.11            	150.01          	33.60           
Junc 237                	118.07          	0.11            	149.91          	31.84           
Junc 238                	115.89          	0.11            	150.38          	34.49           
Junc 239                	118.21          	0.11            	149.91          	31.70           
Junc 240                	114.78          	0.11            	150.50          	35.72           
Junc 241                	112.29          	0.11            	149.83          	37.54           
Junc 242                	96.34           	0.11            	151.08          	54.74           
Junc 243                	94.56           	0.11            	151.07          	56.51           
Junc 244                	98.85           	0.11            	151.50          	52.65           
Junc 245                	98.5            	0.11            	151.49          	52.99           
Junc 246                	92.85           	0.11            	152.39          	59.54           
Junc 247                	89.08           	0.11            	152.44          	63.36           
Junc 248                	91.15           	0.11            	152.28          	61.13           
Junc 249                	87.7            	0.11            	152.50          	64.80           
Junc 250                	96.69           	0.11            	152.43          	55.74           
Junc 251                	78.24           	0.11            	152.16          	73.92           
Junc 252                	87.52           	0.11            	152.58          	65.06           
Junc 253                	95.17           	0.11            	152.49          	57.32           
Junc 254                	77.62           	0.11            	152.37          	74.75           
Junc 255                	77.3            	0.11            	152.83          	75.53           
Junc 256                	71.84           	0.11            	152.31          	80.47           
Junc 257                	77.66           	0.11            	152.91          	75.25           
Junc 258                	71.64           	0.11            	152.07          	80.43           
Junc 259                	45.57           	0.11            	151.75          	106.18          
Junc 260                	48.64           	0.11            	151.76          	103.12          
Junc 261                	39.99           	0.11            	150.75          	110.76          
Junc 262                	40.61           	0.11            	149.83          	109.22          
Junc 263                	51.88           	0.11            	151.80          	99.92           
Junc 264                	48.56           	0.11            	151.62          	103.06          
Junc 265                	39.1            	0.11            	150.76          	111.66          
Junc 266                	37.12           	0.11            	150.72          	113.60          
Junc 267                	37.39           	0.11            	150.59          	113.20          
Junc 268                	40.63           	0.11            	149.84          	109.21          
Junc 269                	68.35           	0.11            	152.27          	83.92           
Junc 270                	68.07           	0.11            	152.28          	84.21           
Junc 271                	68.04           	0.11            	153.43          	85.39           
Junc 272                	67.04           	0.11            	152.29          	85.25           
Junc 273                	68.55           	0.11            	153.44          	84.89           
Junc 274                	72.68           	0.11            	153.18          	80.50           
Junc 275                	66.4            	0.11            	152.00          	85.60           
Junc 276                	69.44           	0.11            	153.55          	84.11           
Junc 277                	72.91           	0.11            	153.27          	80.36           
Junc 278                	78.42           	0.11            	153.00          	74.58           
Junc 279                	56.49           	0.11            	154.05          	97.56           
Junc 280                	51.73           	0.11            	154.45          	102.72          
Junc 281                	55.35           	0.11            	154.05          	98.70           
Junc 282                	53.73           	0.11            	151.80          	98.07           
Junc 283                	51.3            	0.11            	151.62          	100.32          
Junc 284                	44.72           	0.11            	149.90          	105.18          
Junc 285                	42.81           	0.11            	149.90          	107.09          
Junc 286                	50.66           	0.11            	151.50          	100.84          
Junc 287                	49.68           	0.11            	151.29          	101.61          
Junc 288                	47.88           	0.11            	151.50          	103.62          
Junc 289                	47.63           	0.11            	151.20          	103.57          
Junc 290                	46.86           	0.11            	151.36          	104.50          
Junc 291                	47.34           	0.11            	151.11          	103.77          
Junc 292                	44.5            	0.11            	150.78          	106.28          
Junc 293                	45.01           	0.11            	151.04          	106.03          
Junc 294                	43.57           	0.11            	150.98          	107.41          
Junc 295                	39.62           	0.11            	150.90          	111.28          
Junc 296                	41.44           	0.11            	150.79          	109.35          
Junc 297                	39.94           	0.11            	150.84          	110.90          
Junc 298                	35.54           	0.11            	150.68          	115.14          
Junc 299                	33.19           	0.11            	150.67          	117.48          
Junc 300                	35.92           	0.11            	150.70          	114.78          
Junc 301                	32.76           	0.11            	150.68          	117.92          
Junc 302                	36.73           	0.11            	150.73          	114.00          
Junc 303                	33.0            	0.11            	150.66          	117.66          
Junc 304                	37.03           	0.11            	150.60          	113.57          
Junc 305                	32.65           	0.11            	150.64          	117.99          
Junc 306                	31.55           	0.11            	150.66          	119.11          
Junc 307                	33.11           	0.11            	150.69          	117.58          
Junc 308                	27.3            	0.11            	148.57          	121.27          
Junc 309                	28.58           	0.11            	148.71          	120.13          
Junc 310                	37.05           	0.11            	150.59          	113.54          
Junc 311                	33.06           	0.11            	150.63          	117.57          
Junc 312                	29.16           	0.11            	148.90          	119.74          
Junc 313                	33.49           	0.11            	150.63          	117.14          
Junc 314                	33.6            	0.11            	150.64          	117.04          
Junc 315                	30.13           	0.11            	149.15          	119.02          
Junc 316                	34.6            	0.11            	150.64          	116.04          
Junc 317                	42.55           	0.11            	149.85          	107.30          
Junc 318                	41.03           	0.11            	149.87          	108.84          
Junc 319                	40.15           	0.11            	149.90          	109.75          
Junc 320                	38.42           	0.11            	149.92          	111.50          
Junc 321                	37.75           	0.11            	149.98          	112.23          
Junc 322                	37.93           	0.11            	149.94          	112.01          
Junc 323                	37.0            	0.11            	150.16          	113.16          
Junc 324                	35.33           	0.11            	150.38          	115.05          
Junc 325                	32.03           	0.11            	149.43          	117.40          
Junc 326                	30.79           	0.11            	149.45          	118.66          
Junc 327                	28.89           	0.11            	148.43          	119.54          
Junc 328                	27.67           	0.11            	148.44          	120.77          
Junc 329                	26.46           	0.11            	148.45          	121.99          
Junc 330                	26.02           	0.11            	148.43          	122.41          
Junc 331                	25.65           	0.11            	148.43          	122.78          
Junc 332                	71.72           	0.11            	154.44          	82.72           
Junc 333                	68.5            	0.11            	154.45          	85.95           
Junc 334                	71.91           	0.11            	154.46          	82.55           
Junc 335                	67.59           	0.11            	154.82          	87.23           
Junc 336                	81.43           	0.11            	154.96          	73.53           
Junc 337                	76.64           	0.11            	155.23          	78.59           
Junc 338                	87.44           	0.11            	154.58          	67.14           
Junc 339                	76.32           	0.11            	155.50          	79.18           
Junc 340                	73.69           	0.11            	153.38          	79.69           
Junc 341                	91.06           	0.11            	154.57          	63.51           
Junc 342                	84.62           	0.11            	154.53          	69.91           
Junc 343                	69.74           	0.11            	153.45          	83.71           
Junc 344                	67.02           	0.11            	153.51          	86.49           
Junc 345                	72.36           	0.11            	153.40          	81.04           
Junc 346                	67.34           	0.11            	153.60          	86.26           
Junc 347                	73.73           	0.11            	153.38          	79.65           
Junc 348                	59.63           	0.11            	154.20          	94.57           
Junc 349                	60.05           	0.11            	154.42          	94.37           
Junc 350                	64.36           	0.11            	153.88          	89.52           
Junc 351                	60.15           	0.11            	154.60          	94.45           
Junc 352                	68.64           	0.11            	153.71          	85.07           
Junc 353                	66.22           	0.11            	155.24          	89.02           
Junc 354                	71.25           	0.11            	155.50          	84.25           
Junc 355                	71.77           	0.11            	154.65          	82.88           
Junc 356                	75.14           	0.11            	154.48          	79.34           
Junc 357                	75.19           	0.11            	154.51          	79.32           
Junc 358                	77.3            	0.11            	154.50          	77.20           
Junc 359                	67.56           	0.11            	153.70          	86.14           
Junc 360                	76.46           	0.11            	155.94          	79.48           
Junc 361                	72.54           	0.11            	153.37          	80.83           
Junc 362                	77.0            	0.11            	154.50          	77.50           
Junc 363                	82.85           	0.11            	154.48          	71.63           
Junc 364                	77.02           	0.11            	154.50          	77.48           
Junc 365                	82.44           	0.11            	154.47          	72.03           
Junc 366                	87.09           	0.11            	154.49          	67.40           
Junc 367                	83.0            	0.11            	154.52          	71.52           
Junc 368                	81.35           	0.11            	155.50          	74.15           
Junc 369                	110.17          	0.11            	158.48          	48.31           
Junc 370                	109.46          	0.11            	158.50          	49.04           
Junc 371                	117.97          	0.11            	158.45          	40.48           
Junc 372                	108.88          	0.11            	158.54          	49.66           
Junc 373                	121.43          	0.11            	158.45          	37.02           
Junc 374                	108.38          	0.11            	158.59          	50.21           
Junc 375                	107.0           	0.11            	158.66          	51.66           
Junc 376                	107.3           	0.11            	158.75          	51.45           
Junc 377                	106.96          	0.11            	158.91          	51.95           
Junc 378                	106.55          	0.11            	158.87          	52.32           
Junc 379                	106.0           	0.11            	158.85          	52.85           
Junc 380                	102.76          	0.11            	158.87          	56.11           
Junc 381                	110.57          	0.11            	160.05          	49.48           
Junc 382                	100.58          	0.11            	158.82          	58.24           
Junc 383                	99.45           	0.11            	158.82          	59.37           
Junc 384                	109.82          	0.11            	158.61          	48.79           
Junc 385                	108.58          	0.11            	158.63          	50.05           
Junc 386                	105.92          	0.11            	158.59          	52.67           
Junc 387                	111.11          	0.11            	158.66          	47.55           
Junc 388                	109.99          	0.11            	158.58          	48.59           
Junc 389                	111.94          	0.11            	158.65          	46.71           
Junc 390                	110.31          	0.11            	158.75          	48.44           
Junc 391                	111.89          	0.11            	158.65          	46.76           
Junc 392                	112.27          	0.11            	158.90          	46.63           
Junc 393                	111.2           	0.11            	158.75          	47.55           
Junc 394                	112.13          	0.11            	158.64          	46.51           
Junc 395                	111.64          	0.11            	159.15          	47.51           
Junc 396                	112.26          	0.11            	159.60          	47.34           
Junc 397                	114.28          	0.11            	159.13          	44.85           
Junc 398                	111.56          	0.11            	159.94          	48.38           
Junc 399                	114.23          	0.11            	159.13          	44.90           
Junc 400                	109.7           	0.11            	158.58          	48.88           
Junc 401                	60.34           	0.11            	153.09          	92.75           
Junc 402                	61.39           	0.11            	153.88          	92.49           
Junc 403                	58.77           	0.11            	152.88          	94.11           
Junc 404                	65.61           	0.11            	154.38          	88.77           
Junc 405                	53.57           	0.11            	152.49          	98.92           
Junc 406                	62.75           	0.11            	155.36          	92.61           
Junc 407                	64.41           	0.11            	155.01          	90.61           
Junc 408                	63.84           	0.11            	155.01          	91.17           
Junc 409                	64.95           	0.11            	154.73          	89.78           
Junc 410                	49.08           	0.11            	151.03          	101.95          
Junc 411                	49.1            	0.11            	150.08          	100.98          
Junc 412                	46.46           	0.11            	150.09          	103.63          
Junc 413                	45.44           	0.11            	149.46          	104.02          
Junc 414                	47.2            	0.11            	150.22          	103.02          
Junc 415                	42.13           	0.11            	149.73          	107.60          
Junc 416                	49.79           	0.11            	151.64          	101.85          
Junc 417                	51.74           	0.11            	152.35          	100.61          
Junc 418                	48.85           	0.11            	150.76          	101.91          
Junc 419                	52.34           	0.11            	152.40          	100.06          
Junc 420                	51.73           	0.11            	152.35          	100.62          
Junc 421                	67.2            	0.11            	154.37          	87.17           
Junc 422                	38.62           	0.11            	149.43          	110.81          
Junc 423                	44.62           	0.11            	149.46          	104.84          
Junc 424                	34.14           	0.11            	149.42          	115.28          
Junc 425                	40.71           	0.11            	149.63          	108.92          
Junc 426                	38.93           	0.11            	149.41          	110.48          
Junc 427                	66.81           	0.11            	154.36          	87.55           
Junc 428                	48.26           	0.11            	150.36          	102.10          
Junc 429                	48.78           	0.11            	150.56          	101.78          
Tank 5                  	161.0           	-47.19          	164.00          	3.00            
