/Users/conrad/Documents/EC/Course_deuxiemme_annee/Project_Inno/Projet_P5C006/Monterusciello_solution/Monterusciello_acqueduct
Network Table - Links
                        	Length          	Diameter        	Flow            	Velocity        	Unit Headloss   	Friction Factor 
 Link ID                	m               	mm              	LPS             	m/s             	m/km            	                
Pipe 0                  	851.43          	250.00          	-37.61          	0.77            	2.96            	0.025           
Pipe 1                  	8.45            	150.00          	12.32           	0.70            	4.51            	0.027           
Pipe 2                  	587.54          	200.00          	15.49           	0.49            	1.70            	0.027           
Pipe 3                  	440.64          	125.00          	9.68            	0.79            	7.02            	0.028           
Pipe 4                  	41.38           	125.00          	6.60            	0.54            	3.45            	0.029           
Pipe 5                  	841.45          	250.00          	-47.19          	0.96            	4.51            	0.024           
Pipe 6                  	48.34           	80.00           	1.98            	0.39            	3.26            	0.033           
Pipe 7                  	155.23          	60.00           	1.54            	0.54            	8.32            	0.033           
Pipe 8                  	551.08          	200.00          	12.31           	0.39            	1.11            	0.028           
Pipe 9                  	179.56          	80.00           	3.08            	0.61            	7.39            	0.031           
Pipe 10                 	35.76           	125.00          	6.49            	0.53            	3.35            	0.029           
Pipe 11                 	320.72          	125.00          	-0.65           	0.05            	0.05            	0.041           
Pipe 12                 	32.69           	100.00          	4.07            	0.52            	4.18            	0.031           
Pipe 13                 	334.87          	125.00          	7.48            	0.61            	4.35            	0.029           
Pipe 14                 	10.95           	125.00          	7.37            	0.60            	4.23            	0.029           
Pipe 15                 	99.57           	60.00           	-0.11           	0.04            	0.06            	0.049           
Pipe 16                 	68.24           	60.00           	-0.11           	0.04            	0.06            	0.049           
Pipe 17                 	65.72           	60.00           	-0.22           	0.08            	0.23            	0.044           
Pipe 18                 	56.23           	125.00          	-6.93           	0.56            	3.78            	0.029           
Pipe 19                 	45.13           	125.00          	6.71            	0.55            	3.56            	0.029           
Pipe 20                 	35.34           	60.00           	-0.33           	0.12            	0.48            	0.042           
Pipe 21                 	34.84           	60.00           	-0.11           	0.04            	0.06            	0.049           
Pipe 22                 	45.18           	60.00           	-0.22           	0.08            	0.23            	0.044           
Pipe 23                 	46.89           	60.00           	0.11            	0.04            	0.06            	0.049           
Pipe 24                 	32.1            	100.00          	5.94            	0.76            	8.42            	0.029           
Pipe 25                 	29.29           	100.00          	-6.27           	0.80            	9.31            	0.029           
Pipe 26                 	23.82           	125.00          	-6.38           	0.52            	3.24            	0.029           
Pipe 27                 	10.07           	60.00           	0.22            	0.08            	0.23            	0.044           
Pipe 28                 	26.79           	100.00          	5.61            	0.71            	7.58            	0.029           
Pipe 29                 	33.46           	60.00           	0.22            	0.08            	0.23            	0.044           
Pipe 30                 	74.74           	60.00           	-0.33           	0.12            	0.48            	0.042           
Pipe 31                 	34.72           	60.00           	-0.11           	0.04            	0.06            	0.049           
Pipe 32                 	28.4            	60.00           	-0.11           	0.04            	0.06            	0.049           
Pipe 33                 	35.24           	125.00          	-8.80           	0.72            	5.88            	0.028           
Pipe 34                 	36.22           	125.00          	8.58            	0.70            	5.61            	0.028           
Pipe 35                 	35.68           	80.00           	-2.09           	0.42            	3.61            	0.033           
Pipe 36                 	89.11           	80.00           	1.98            	0.39            	3.26            	0.033           
Pipe 37                 	68.03           	80.00           	2.20            	0.44            	3.97            	0.033           
Pipe 38                 	35.04           	150.00          	-11.11          	0.63            	3.73            	0.028           
Pipe 39                 	68.58           	125.00          	8.47            	0.69            	5.48            	0.028           
Pipe 40                 	51.29           	150.00          	11.44           	0.65            	3.93            	0.028           
Pipe 41                 	51.46           	150.00          	-11.55          	0.65            	4.00            	0.028           
Pipe 42                 	24.7            	60.00           	-0.11           	0.04            	0.06            	0.049           
Pipe 43                 	36.36           	150.00          	11.33           	0.64            	3.86            	0.028           
Pipe 44                 	49.64           	60.00           	-0.11           	0.04            	0.06            	0.049           
Pipe 45                 	24.97           	150.00          	-11.66          	0.66            	4.08            	0.028           
Pipe 46                 	59.59           	60.00           	-0.44           	0.16            	0.82            	0.040           
Pipe 47                 	37.51           	60.00           	0.22            	0.08            	0.23            	0.044           
Pipe 48                 	33.57           	60.00           	-0.22           	0.08            	0.23            	0.044           
Pipe 49                 	68.27           	60.00           	0.11            	0.04            	0.06            	0.049           
Pipe 50                 	6.66            	60.00           	-0.11           	0.04            	0.06            	0.049           
Pipe 51                 	68.1            	150.00          	-12.21          	0.69            	4.44            	0.027           
Pipe 52                 	51.54           	60.00           	0.44            	0.16            	0.82            	0.040           
Pipe 53                 	32.23           	60.00           	0.33            	0.12            	0.48            	0.041           
Pipe 54                 	35.81           	60.00           	-0.22           	0.08            	0.23            	0.044           
Pipe 55                 	37.0            	60.00           	0.11            	0.04            	0.06            	0.049           
Pipe 56                 	33.41           	60.00           	-0.11           	0.04            	0.06            	0.049           
Pipe 57                 	57.76           	60.00           	-0.11           	0.04            	0.06            	0.049           
Pipe 58                 	36.71           	60.00           	-0.33           	0.12            	0.48            	0.042           
Pipe 59                 	45.52           	60.00           	-0.55           	0.19            	1.24            	0.038           
Pipe 60                 	57.56           	60.00           	-0.44           	0.16            	0.82            	0.040           
Pipe 61                 	36.73           	60.00           	-0.33           	0.12            	0.48            	0.042           
Pipe 62                 	63.21           	60.00           	0.22            	0.08            	0.23            	0.044           
Pipe 63                 	36.83           	60.00           	-0.44           	0.16            	0.82            	0.040           
Pipe 64                 	36.88           	60.00           	0.11            	0.04            	0.06            	0.049           
Pipe 65                 	35.63           	60.00           	-0.55           	0.19            	1.24            	0.038           
Pipe 66                 	37.0            	60.00           	-0.66           	0.23            	1.73            	0.037           
Pipe 67                 	63.22           	60.00           	-0.77           	0.27            	2.31            	0.037           
Pipe 68                 	200.95          	60.00           	0.55            	0.19            	1.24            	0.038           
Pipe 69                 	37.21           	60.00           	-1.43           	0.51            	7.26            	0.033           
Pipe 70                 	206.97          	80.00           	1.87            	0.37            	2.94            	0.033           
Pipe 71                 	196.35          	80.00           	-3.41           	0.68            	8.94            	0.030           
Pipe 72                 	35.24           	60.00           	0.11            	0.04            	0.06            	0.049           
Pipe 73                 	54.38           	60.00           	0.22            	0.08            	0.23            	0.044           
Pipe 74                 	35.1            	60.00           	0.11            	0.04            	0.06            	0.049           
Pipe 75                 	36.33           	80.00           	-3.52           	0.70            	9.48            	0.030           
Pipe 76                 	47.21           	60.00           	1.76            	0.62            	10.66           	0.032           
Pipe 77                 	34.86           	60.00           	0.11            	0.04            	0.06            	0.049           
Pipe 78                 	181.31          	100.00          	-4.29           	0.55            	4.61            	0.030           
Pipe 79                 	36.53           	60.00           	0.55            	0.19            	1.24            	0.038           
Pipe 80                 	62.2            	60.00           	0.11            	0.04            	0.06            	0.049           
Pipe 81                 	105.44          	60.00           	1.54            	0.54            	8.32            	0.033           
Pipe 82                 	30.7            	60.00           	0.11            	0.04            	0.06            	0.049           
Pipe 83                 	37.93           	60.00           	0.44            	0.16            	0.82            	0.040           
Pipe 84                 	66.05           	100.00          	-4.40           	0.56            	4.83            	0.030           
Pipe 85                 	29.42           	60.00           	0.33            	0.12            	0.48            	0.042           
Pipe 86                 	29.05           	100.00          	-4.84           	0.62            	5.76            	0.030           
Pipe 87                 	27.81           	60.00           	0.11            	0.04            	0.06            	0.049           
Pipe 88                 	25.9            	60.00           	-0.11           	0.04            	0.06            	0.049           
Pipe 89                 	26.24           	60.00           	-0.11           	0.04            	0.06            	0.049           
Pipe 90                 	24.85           	100.00          	-4.95           	0.63            	6.01            	0.030           
Pipe 91                 	7.43            	60.00           	0.33            	0.12            	0.48            	0.041           
Pipe 92                 	31.04           	100.00          	-5.39           	0.69            	7.04            	0.029           
Pipe 93                 	29.15           	100.00          	-5.50           	0.70            	7.30            	0.029           
Pipe 94                 	27.33           	60.00           	0.11            	0.04            	0.06            	0.049           
Pipe 95                 	15.72           	125.00          	6.49            	0.53            	3.35            	0.029           
Pipe 96                 	35.23           	60.00           	0.22            	0.08            	0.23            	0.044           
Pipe 97                 	68.36           	125.00          	-7.37           	0.60            	4.24            	0.029           
Pipe 98                 	68.14           	60.00           	-0.11           	0.04            	0.06            	0.049           
Pipe 99                 	35.22           	60.00           	-1.21           	0.43            	5.33            	0.034           
Pipe 100                	67.24           	60.00           	-1.32           	0.47            	6.26            	0.034           
Pipe 101                	34.49           	80.00           	-1.87           	0.37            	2.94            	0.033           
Pipe 102                	69.11           	60.00           	1.76            	0.62            	10.66           	0.032           
Pipe 103                	87.57           	125.00          	8.36            	0.68            	5.35            	0.028           
Pipe 104                	68.47           	60.00           	-0.11           	0.04            	0.06            	0.049           
Pipe 105                	35.8            	125.00          	8.25            	0.67            	5.22            	0.028           
Pipe 106                	58.25           	125.00          	-7.81           	0.64            	4.72            	0.029           
Pipe 107                	61.37           	125.00          	8.14            	0.66            	5.09            	0.028           
Pipe 108                	57.99           	60.00           	0.22            	0.08            	0.23            	0.044           
Pipe 109                	81.67           	60.00           	0.11            	0.04            	0.06            	0.049           
Pipe 110                	35.22           	60.00           	1.43            	0.51            	7.26            	0.033           
Pipe 111                	64.32           	60.00           	1.65            	0.58            	9.46            	0.033           
Pipe 112                	26.56           	60.00           	1.54            	0.54            	8.32            	0.033           
Pipe 113                	30.82           	60.00           	-0.11           	0.04            	0.06            	0.049           
Pipe 114                	36.48           	60.00           	1.43            	0.51            	7.26            	0.033           
Pipe 115                	24.85           	60.00           	-0.22           	0.08            	0.23            	0.044           
Pipe 116                	24.06           	60.00           	0.22            	0.08            	0.23            	0.044           
Pipe 117                	28.63           	60.00           	-0.55           	0.19            	1.24            	0.038           
Pipe 118                	10.88           	60.00           	-0.11           	0.04            	0.06            	0.049           
Pipe 119                	23.13           	60.00           	-0.66           	0.23            	1.73            	0.037           
Pipe 120                	33.56           	60.00           	1.32            	0.47            	6.26            	0.034           
Pipe 121                	29.6            	60.00           	1.21            	0.43            	5.33            	0.034           
Pipe 122                	11.46           	60.00           	-0.88           	0.31            	2.95            	0.036           
Pipe 123                	31.24           	60.00           	0.11            	0.04            	0.06            	0.049           
Pipe 124                	31.05           	60.00           	-0.99           	0.35            	3.67            	0.035           
Pipe 125                	26.64           	60.00           	-1.10           	0.39            	4.46            	0.035           
Pipe 126                	12.19           	60.00           	-0.22           	0.08            	0.23            	0.044           
Pipe 127                	21.66           	60.00           	0.11            	0.04            	0.06            	0.049           
Pipe 128                	60.4            	60.00           	-0.33           	0.12            	0.48            	0.042           
Pipe 129                	32.3            	60.00           	-1.10           	0.39            	4.46            	0.035           
Pipe 130                	50.06           	60.00           	0.66            	0.23            	1.73            	0.037           
Pipe 131                	34.21           	60.00           	0.55            	0.19            	1.24            	0.038           
Pipe 132                	34.23           	60.00           	-0.11           	0.04            	0.06            	0.049           
Pipe 133                	53.27           	60.00           	-1.21           	0.43            	5.33            	0.034           
Pipe 134                	55.26           	60.00           	-0.11           	0.04            	0.06            	0.049           
Pipe 135                	53.04           	60.00           	-0.22           	0.08            	0.22            	0.044           
Pipe 136                	31.24           	60.00           	-1.65           	0.58            	9.42            	0.033           
Pipe 137                	84.64           	60.00           	1.32            	0.47            	6.26            	0.034           
Pipe 138                	71.83           	60.00           	-0.11           	0.04            	0.06            	0.049           
Pipe 139                	70.66           	60.00           	0.33            	0.12            	0.48            	0.042           
Pipe 140                	89.76           	60.00           	0.11            	0.04            	0.06            	0.049           
Pipe 141                	66.85           	60.00           	0.11            	0.04            	0.06            	0.049           
Pipe 142                	85.8            	60.00           	-0.11           	0.04            	0.06            	0.049           
Pipe 143                	53.8            	60.00           	-0.22           	0.08            	0.23            	0.044           
Pipe 144                	97.83           	80.00           	2.20            	0.44            	3.96            	0.033           
Pipe 145                	57.14           	80.00           	-2.31           	0.46            	4.33            	0.032           
Pipe 146                	47.47           	60.00           	-0.11           	0.04            	0.06            	0.049           
Pipe 147                	54.02           	60.00           	-0.77           	0.27            	2.31            	0.037           
Pipe 148                	103.78          	60.00           	0.44            	0.16            	0.82            	0.040           
Pipe 149                	81.74           	60.00           	-0.22           	0.08            	0.23            	0.044           
Pipe 150                	53.26           	60.00           	0.11            	0.04            	0.06            	0.049           
Pipe 151                	51.0            	60.00           	0.11            	0.04            	0.06            	0.049           
Pipe 152                	31.3            	80.00           	1.98            	0.39            	3.25            	0.033           
Pipe 153                	79.32           	80.00           	-2.42           	0.48            	4.72            	0.032           
Pipe 154                	90.2            	60.00           	-0.11           	0.04            	0.06            	0.049           
Pipe 155                	93.22           	100.00          	-4.07           	0.52            	4.17            	0.031           
Pipe 156                	23.45           	100.00          	3.85            	0.49            	3.77            	0.031           
Pipe 157                	53.13           	100.00          	-3.74           	0.48            	3.57            	0.031           
Pipe 158                	29.0            	80.00           	3.63            	0.72            	10.01           	0.030           
Pipe 159                	51.88           	60.00           	-0.22           	0.08            	0.23            	0.044           
Pipe 160                	30.43           	60.00           	-0.33           	0.12            	0.48            	0.041           
Pipe 161                	32.91           	60.00           	-1.32           	0.47            	6.26            	0.034           
Pipe 162                	29.17           	60.00           	-1.76           	0.62            	10.66           	0.032           
Pipe 163                	45.65           	60.00           	0.11            	0.04            	0.06            	0.049           
Pipe 164                	42.84           	60.00           	0.22            	0.08            	0.23            	0.044           
Pipe 165                	69.48           	80.00           	-2.20           	0.44            	3.97            	0.033           
Pipe 166                	73.32           	100.00          	-4.18           	0.53            	4.39            	0.030           
Pipe 167                	58.49           	80.00           	-3.08           	0.61            	7.40            	0.031           
Pipe 168                	12.05           	60.00           	0.11            	0.04            	0.06            	0.049           
Pipe 169                	15.73           	60.00           	0.11            	0.04            	0.06            	0.049           
Pipe 170                	50.34           	60.00           	-0.22           	0.08            	0.23            	0.044           
Pipe 171                	27.41           	60.00           	0.11            	0.04            	0.06            	0.049           
Pipe 172                	49.6            	80.00           	1.87            	0.37            	2.93            	0.033           
Pipe 173                	41.27           	60.00           	1.21            	0.43            	5.33            	0.034           
Pipe 174                	46.59           	60.00           	1.10            	0.39            	4.46            	0.035           
Pipe 175                	42.46           	80.00           	-2.53           	0.50            	5.13            	0.032           
Pipe 176                	25.16           	80.00           	-2.64           	0.52            	5.55            	0.032           
Pipe 177                	36.51           	60.00           	-0.11           	0.04            	0.06            	0.049           
Pipe 178                	45.2            	60.00           	0.99            	0.35            	3.67            	0.035           
Pipe 179                	70.86           	60.00           	0.33            	0.12            	0.48            	0.042           
Pipe 180                	74.2            	60.00           	0.55            	0.19            	1.24            	0.038           
Pipe 181                	19.57           	60.00           	0.22            	0.08            	0.23            	0.044           
Pipe 182                	48.53           	60.00           	0.44            	0.16            	0.82            	0.040           
Pipe 183                	33.34           	60.00           	0.11            	0.04            	0.06            	0.049           
Pipe 184                	30.84           	60.00           	0.22            	0.08            	0.23            	0.044           
Pipe 185                	31.42           	80.00           	3.30            	0.66            	8.39            	0.031           
Pipe 186                	34.25           	80.00           	3.19            	0.63            	7.88            	0.031           
Pipe 187                	30.57           	80.00           	-2.75           	0.55            	5.98            	0.031           
Pipe 188                	22.59           	80.00           	-2.86           	0.57            	6.44            	0.031           
Pipe 189                	19.08           	60.00           	0.11            	0.04            	0.06            	0.049           
Pipe 190                	33.83           	80.00           	2.97            	0.59            	6.90            	0.031           
Pipe 191                	23.05           	60.00           	0.11            	0.04            	0.06            	0.049           
Pipe 192                	88.05           	60.00           	-0.33           	0.12            	0.49            	0.041           
Pipe 193                	61.8            	60.00           	0.22            	0.08            	0.23            	0.044           
Pipe 194                	103.81          	60.00           	0.11            	0.04            	0.06            	0.049           
Pipe 195                	24.5            	60.00           	-0.66           	0.23            	1.75            	0.037           
Pipe 196                	19.7            	60.00           	0.22            	0.08            	0.23            	0.044           
Pipe 197                	102.79          	60.00           	-0.77           	0.27            	2.33            	0.037           
Pipe 198                	23.37           	60.00           	0.11            	0.04            	0.06            	0.049           
Pipe 199                	124.01          	100.00          	-5.94           	0.76            	8.43            	0.029           
Pipe 200                	39.29           	100.00          	5.83            	0.74            	8.15            	0.029           
Pipe 201                	39.4            	100.00          	5.72            	0.73            	7.86            	0.029           
Pipe 202                	16.12           	100.00          	-6.16           	0.78            	9.02            	0.029           
Pipe 203                	19.26           	60.00           	0.11            	0.04            	0.06            	0.049           
Pipe 204                	90.1            	60.00           	0.11            	0.04            	0.06            	0.049           
Pipe 205                	106.63          	100.00          	5.50            	0.70            	7.31            	0.029           
Pipe 206                	12.17           	100.00          	-6.27           	0.80            	9.32            	0.029           
Pipe 207                	39.98           	60.00           	0.22            	0.08            	0.23            	0.044           
Pipe 208                	28.06           	100.00          	5.17            	0.66            	6.52            	0.030           
Pipe 209                	42.49           	60.00           	0.11            	0.04            	0.06            	0.049           
Pipe 210                	36.17           	60.00           	0.33            	0.12            	0.48            	0.041           
Pipe 211                	31.46           	100.00          	4.73            	0.60            	5.53            	0.030           
Pipe 212                	30.86           	60.00           	-0.88           	0.31            	2.98            	0.036           
Pipe 213                	40.5            	60.00           	0.11            	0.04            	0.06            	0.049           
Pipe 214                	46.28           	60.00           	-1.10           	0.39            	4.49            	0.035           
Pipe 215                	29.67           	60.00           	-1.21           	0.43            	5.36            	0.034           
Pipe 216                	31.51           	125.00          	-6.38           	0.52            	3.25            	0.029           
Pipe 217                	36.06           	60.00           	0.22            	0.08            	0.23            	0.044           
Pipe 218                	34.66           	100.00          	-4.62           	0.59            	5.30            	0.030           
Pipe 219                	30.87           	100.00          	4.51            	0.57            	5.07            	0.030           
Pipe 220                	23.75           	60.00           	0.11            	0.04            	0.06            	0.049           
Pipe 221                	28.01           	100.00          	4.40            	0.56            	4.84            	0.030           
Pipe 222                	35.03           	100.00          	4.29            	0.55            	4.62            	0.030           
Pipe 223                	55.61           	100.00          	4.18            	0.53            	4.40            	0.030           
Pipe 224                	53.79           	60.00           	-0.11           	0.04            	0.06            	0.049           
Pipe 225                	89.13           	100.00          	4.07            	0.52            	4.19            	0.031           
Pipe 226                	54.23           	60.00           	-0.11           	0.04            	0.06            	0.049           
Pipe 227                	26.49           	60.00           	-0.22           	0.08            	0.23            	0.044           
Pipe 228                	23.28           	60.00           	1.54            	0.55            	8.36            	0.033           
Pipe 229                	24.59           	60.00           	0.33            	0.12            	0.48            	0.042           
Pipe 230                	99.67           	80.00           	2.09            	0.42            	3.61            	0.033           
Pipe 231                	56.51           	80.00           	1.98            	0.39            	3.26            	0.033           
Pipe 232                	22.57           	60.00           	0.22            	0.08            	0.23            	0.044           
Pipe 233                	33.21           	60.00           	1.43            	0.51            	7.29            	0.033           
Pipe 234                	55.15           	80.00           	1.87            	0.37            	2.94            	0.033           
Pipe 235                	20.76           	60.00           	0.33            	0.12            	0.48            	0.042           
Pipe 236                	25.27           	60.00           	1.43            	0.51            	7.26            	0.033           
Pipe 237                	20.03           	60.00           	1.32            	0.47            	6.26            	0.034           
Pipe 238                	31.91           	60.00           	-0.44           	0.16            	0.82            	0.040           
Pipe 239                	38.14           	60.00           	0.22            	0.08            	0.23            	0.044           
Pipe 240                	44.72           	60.00           	-0.55           	0.19            	1.24            	0.038           
Pipe 241                	40.24           	60.00           	0.11            	0.04            	0.06            	0.049           
Pipe 242                	33.73           	60.00           	-0.11           	0.04            	0.06            	0.049           
Pipe 243                	22.46           	60.00           	-0.99           	0.35            	3.67            	0.035           
Pipe 244                	50.5            	60.00           	0.22            	0.08            	0.23            	0.044           
Pipe 245                	84.12           	60.00           	-1.10           	0.39            	4.46            	0.035           
Pipe 246                	37.83           	60.00           	0.11            	0.04            	0.06            	0.049           
Pipe 247                	21.66           	60.00           	-1.21           	0.43            	5.33            	0.034           
Pipe 248                	48.0            	60.00           	0.11            	0.04            	0.06            	0.049           
Pipe 249                	52.04           	60.00           	0.11            	0.04            	0.06            	0.049           
Pipe 250                	74.58           	125.00          	4.18            	0.34            	1.48            	0.031           
Pipe 251                	33.49           	125.00          	-4.29           	0.35            	1.55            	0.031           
Pipe 252                	34.36           	125.00          	-4.51           	0.37            	1.70            	0.031           
Pipe 253                	60.82           	60.00           	0.11            	0.04            	0.06            	0.049           
Pipe 254                	82.16           	125.00          	4.07            	0.33            	1.41            	0.031           
Pipe 255                	104.32          	60.00           	0.55            	0.19            	1.24            	0.038           
Pipe 256                	34.78           	125.00          	-5.28           	0.43            	2.28            	0.030           
Pipe 257                	60.92           	60.00           	0.11            	0.04            	0.06            	0.049           
Pipe 258                	66.78           	125.00          	3.96            	0.32            	1.34            	0.032           
Pipe 259                	104.94          	125.00          	-5.39           	0.44            	2.37            	0.030           
Pipe 260                	67.02           	60.00           	0.44            	0.16            	0.82            	0.040           
Pipe 261                	33.42           	125.00          	-5.50           	0.45            	2.46            	0.030           
Pipe 262                	58.65           	60.00           	0.33            	0.12            	0.48            	0.042           
Pipe 263                	36.4            	125.00          	-5.61           	0.46            	2.55            	0.030           
Pipe 264                	58.67           	125.00          	3.85            	0.31            	1.27            	0.032           
Pipe 265                	53.82           	60.00           	-0.11           	0.04            	0.06            	0.049           
Pipe 266                	40.98           	125.00          	-3.52           	0.29            	1.07            	0.032           
Pipe 267                	47.89           	100.00          	3.30            	0.42            	2.83            	0.032           
Pipe 268                	67.14           	60.00           	-0.11           	0.04            	0.06            	0.049           
Pipe 269                	63.98           	60.00           	-0.11           	0.04            	0.06            	0.049           
Pipe 270                	47.15           	60.00           	0.11            	0.04            	0.06            	0.049           
Pipe 271                	163.32          	125.00          	-3.74           	0.30            	1.20            	0.032           
Pipe 272                	39.85           	60.00           	0.11            	0.04            	0.06            	0.049           
Pipe 273                	46.77           	100.00          	3.08            	0.39            	2.49            	0.032           
Pipe 274                	35.57           	100.00          	-1.76           	0.22            	0.88            	0.035           
Pipe 275                	40.71           	100.00          	1.54            	0.20            	0.69            	0.035           
Pipe 276                	67.13           	60.00           	-0.11           	0.04            	0.06            	0.049           
Pipe 277                	46.27           	60.00           	-0.11           	0.04            	0.06            	0.049           
Pipe 278                	71.46           	60.00           	-0.22           	0.08            	0.23            	0.044           
Pipe 279                	13.59           	60.00           	-0.11           	0.04            	0.06            	0.049           
Pipe 280                	44.67           	60.00           	-0.22           	0.08            	0.23            	0.044           
Pipe 281                	34.45           	60.00           	-0.11           	0.04            	0.06            	0.049           
Pipe 282                	36.4            	125.00          	-6.16           	0.50            	3.03            	0.030           
Pipe 283                	57.99           	125.00          	5.94            	0.48            	2.84            	0.030           
Pipe 284                	34.31           	125.00          	-5.83           	0.47            	2.74            	0.030           
Pipe 285                	67.24           	125.00          	5.72            	0.47            	2.64            	0.030           
Pipe 286                	161.95          	125.00          	-6.27           	0.51            	3.14            	0.030           
Pipe 287                	118.26          	125.00          	-6.49           	0.53            	3.34            	0.029           
Pipe 288                	37.59           	60.00           	0.11            	0.04            	0.06            	0.049           
Pipe 289                	27.02           	60.00           	-0.11           	0.04            	0.06            	0.049           
Pipe 290                	88.12           	60.00           	-0.22           	0.08            	0.23            	0.044           
Pipe 291                	35.38           	60.00           	-0.11           	0.04            	0.06            	0.049           
Pipe 292                	35.33           	100.00          	-2.75           	0.35            	2.02            	0.032           
Pipe 293                	48.15           	100.00          	2.64            	0.34            	1.87            	0.033           
Pipe 294                	67.04           	100.00          	2.86            	0.36            	2.17            	0.032           
Pipe 295                	51.02           	100.00          	2.53            	0.32            	1.73            	0.033           
Pipe 296                	43.97           	100.00          	2.42            	0.31            	1.59            	0.033           
Pipe 297                	54.56           	60.00           	-0.11           	0.04            	0.06            	0.049           
Pipe 298                	44.38           	100.00          	2.31            	0.29            	1.46            	0.033           
Pipe 299                	55.48           	100.00          	2.20            	0.28            	1.33            	0.033           
Pipe 300                	52.4            	100.00          	2.09            	0.27            	1.21            	0.034           
Pipe 301                	45.99           	100.00          	-1.98           	0.25            	1.10            	0.034           
Pipe 302                	51.72           	60.00           	-0.33           	0.12            	0.48            	0.042           
Pipe 303                	51.49           	60.00           	0.22            	0.08            	0.23            	0.044           
Pipe 304                	117.98          	60.00           	0.11            	0.04            	0.06            	0.049           
Pipe 305                	46.51           	100.00          	-1.32           	0.17            	0.52            	0.036           
Pipe 306                	67.76           	100.00          	0.88            	0.11            	0.24            	0.038           
Pipe 307                	57.36           	60.00           	-0.11           	0.04            	0.06            	0.049           
Pipe 308                	66.96           	80.00           	0.54            	0.11            	0.30            	0.040           
Pipe 309                	59.27           	80.00           	-0.66           	0.13            	0.42            	0.039           
Pipe 310                	49.06           	60.00           	0.22            	0.08            	0.23            	0.044           
Pipe 311                	70.18           	60.00           	-0.33           	0.12            	0.48            	0.042           
Pipe 312                	40.35           	80.00           	0.43            	0.09            	0.20            	0.041           
Pipe 313                	81.96           	60.00           	-0.66           	0.23            	1.73            	0.037           
Pipe 314                	92.65           	60.00           	0.55            	0.19            	1.24            	0.038           
Pipe 315                	81.05           	60.00           	-0.77           	0.27            	2.31            	0.037           
Pipe 316                	42.63           	80.00           	-0.01           	0.00            	0.00            	0.000           
Pipe 317                	85.87           	60.00           	-0.88           	0.31            	2.95            	0.036           
Pipe 318                	40.95           	80.00           	-0.11           	0.02            	0.02            	0.050           
Pipe 319                	41.18           	80.00           	-0.22           	0.04            	0.06            	0.046           
Pipe 320                	81.43           	60.00           	-0.99           	0.35            	3.67            	0.035           
Pipe 321                	41.41           	60.00           	1.32            	0.47            	6.26            	0.034           
Pipe 322                	189.26          	60.00           	1.32            	0.47            	6.27            	0.034           
Pipe 323                	31.55           	60.00           	-0.33           	0.12            	0.48            	0.041           
Pipe 324                	34.28           	60.00           	-0.44           	0.16            	0.82            	0.040           
Pipe 325                	65.02           	60.00           	-0.55           	0.19            	1.24            	0.038           
Pipe 326                	41.33           	60.00           	-0.33           	0.12            	0.48            	0.042           
Pipe 327                	41.41           	60.00           	0.44            	0.16            	0.82            	0.040           
Pipe 328                	41.02           	60.00           	-1.10           	0.39            	4.46            	0.035           
Pipe 329                	41.29           	60.00           	-1.21           	0.43            	5.33            	0.034           
Pipe 330                	82.93           	60.00           	-0.22           	0.08            	0.23            	0.044           
Pipe 331                	84.57           	60.00           	-0.11           	0.04            	0.06            	0.049           
Pipe 332                	78.08           	60.00           	-0.22           	0.08            	0.23            	0.044           
Pipe 333                	91.14           	60.00           	0.22            	0.08            	0.23            	0.044           
Pipe 334                	39.13           	60.00           	0.11            	0.04            	0.06            	0.049           
Pipe 335                	127.39          	60.00           	-0.11           	0.04            	0.06            	0.049           
Pipe 336                	47.02           	60.00           	-0.22           	0.08            	0.23            	0.044           
Pipe 337                	41.89           	60.00           	-0.33           	0.12            	0.48            	0.042           
Pipe 338                	47.28           	60.00           	0.99            	0.35            	3.67            	0.035           
Pipe 339                	94.89           	60.00           	-1.10           	0.39            	4.46            	0.035           
Pipe 340                	164.41          	60.00           	0.77            	0.27            	2.31            	0.037           
Pipe 341                	92.18           	60.00           	-0.88           	0.31            	2.95            	0.036           
Pipe 342                	74.58           	60.00           	-0.99           	0.35            	3.67            	0.035           
Pipe 343                	38.23           	60.00           	0.55            	0.19            	1.24            	0.038           
Pipe 344                	39.24           	60.00           	0.11            	0.04            	0.06            	0.049           
Pipe 345                	82.24           	60.00           	-1.21           	0.43            	5.33            	0.034           
Pipe 346                	78.68           	60.00           	0.11            	0.04            	0.06            	0.049           
Pipe 347                	46.5            	60.00           	-0.11           	0.04            	0.06            	0.049           
Pipe 348                	67.27           	60.00           	0.11            	0.04            	0.06            	0.049           
Pipe 349                	74.88           	60.00           	0.33            	0.12            	0.48            	0.042           
Pipe 350                	46.8            	60.00           	-0.55           	0.19            	1.24            	0.038           
Pipe 351                	62.77           	60.00           	0.44            	0.16            	0.82            	0.040           
Pipe 352                	48.94           	60.00           	-0.66           	0.23            	1.73            	0.037           
Pipe 353                	46.44           	60.00           	0.33            	0.12            	0.48            	0.041           
Pipe 354                	47.78           	60.00           	-0.77           	0.27            	2.31            	0.037           
Pipe 355                	84.0            	60.00           	0.11            	0.04            	0.06            	0.049           
Pipe 356                	41.19           	60.00           	-1.21           	0.43            	5.32            	0.034           
Pipe 357                	70.87           	60.00           	1.10            	0.39            	4.46            	0.035           
Pipe 358                	29.33           	60.00           	-1.32           	0.47            	6.26            	0.034           
Pipe 359                	47.86           	60.00           	0.99            	0.35            	3.67            	0.035           
Pipe 360                	88.39           	60.00           	-1.43           	0.51            	7.26            	0.033           
Pipe 361                	60.17           	60.00           	0.11            	0.04            	0.06            	0.049           
Pipe 362                	46.41           	80.00           	-2.64           	0.53            	5.56            	0.032           
Pipe 363                	73.14           	80.00           	-2.75           	0.55            	6.00            	0.031           
Pipe 364                	44.92           	60.00           	0.88            	0.31            	2.95            	0.036           
Pipe 365                	44.94           	60.00           	-0.44           	0.16            	0.82            	0.040           
Pipe 366                	27.92           	60.00           	0.33            	0.12            	0.48            	0.042           
Pipe 367                	48.91           	60.00           	-0.11           	0.04            	0.06            	0.049           
Pipe 368                	34.36           	60.00           	0.11            	0.04            	0.06            	0.049           
Pipe 369                	47.25           	60.00           	0.11            	0.04            	0.06            	0.049           
Pipe 370                	69.66           	60.00           	-0.22           	0.08            	0.23            	0.044           
Pipe 371                	38.85           	60.00           	-0.33           	0.12            	0.48            	0.041           
Pipe 372                	138.84          	60.00           	0.22            	0.08            	0.23            	0.044           
Pipe 373                	41.42           	60.00           	-0.44           	0.16            	0.82            	0.040           
Pipe 374                	59.69           	60.00           	0.11            	0.04            	0.06            	0.049           
Pipe 375                	39.23           	60.00           	-0.55           	0.19            	1.24            	0.038           
Pipe 376                	41.34           	60.00           	-0.66           	0.23            	1.73            	0.037           
Pipe 377                	40.63           	60.00           	-0.77           	0.27            	2.31            	0.037           
Pipe 378                	55.59           	60.00           	-0.88           	0.31            	2.95            	0.036           
Pipe 379                	33.76           	60.00           	0.55            	0.19            	1.24            	0.038           
Pipe 380                	47.48           	60.00           	0.11            	0.04            	0.06            	0.049           
Pipe 381                	38.05           	60.00           	0.33            	0.12            	0.48            	0.042           
Pipe 382                	140.18          	60.00           	0.22            	0.08            	0.23            	0.044           
Pipe 383                	37.92           	80.00           	1.87            	0.37            	2.94            	0.033           
Pipe 384                	25.85           	60.00           	0.11            	0.04            	0.06            	0.049           
Pipe 385                	52.0            	60.00           	0.33            	0.12            	0.48            	0.042           
Pipe 386                	23.37           	60.00           	-0.44           	0.16            	0.82            	0.040           
Pipe 387                	22.96           	60.00           	-0.55           	0.19            	1.24            	0.038           
Pipe 388                	17.06           	60.00           	0.22            	0.08            	0.23            	0.044           
Pipe 389                	24.3            	60.00           	-0.99           	0.35            	3.67            	0.035           
Pipe 390                	21.03           	60.00           	0.33            	0.12            	0.48            	0.042           
Pipe 391                	31.01           	60.00           	0.11            	0.04            	0.06            	0.049           
Pipe 392                	16.52           	60.00           	0.22            	0.08            	0.23            	0.044           
Pipe 393                	33.58           	60.00           	0.11            	0.04            	0.06            	0.049           
Pipe 394                	28.62           	60.00           	-1.21           	0.43            	5.33            	0.034           
Pipe 395                	27.27           	60.00           	0.11            	0.04            	0.06            	0.049           
Pipe 396                	39.04           	60.00           	-1.32           	0.47            	6.26            	0.034           
Pipe 397                	48.17           	60.00           	-1.65           	0.58            	9.46            	0.033           
Pipe 398                	54.5            	60.00           	0.22            	0.08            	0.23            	0.044           
Pipe 399                	31.6            	60.00           	-1.76           	0.62            	10.66           	0.032           
Pipe 400                	52.05           	60.00           	0.11            	0.04            	0.06            	0.049           
Pipe 401                	199.77          	80.00           	-2.20           	0.44            	3.96            	0.033           
Pipe 402                	58.0            	80.00           	2.09            	0.42            	3.60            	0.033           
Pipe 403                	114.12          	80.00           	-2.31           	0.46            	4.34            	0.032           
Pipe 404                	120.64          	80.00           	1.98            	0.39            	3.26            	0.033           
Pipe 405                	63.52           	80.00           	-2.64           	0.52            	5.55            	0.032           
Pipe 406                	40.46           	60.00           	0.22            	0.08            	0.23            	0.044           
Pipe 407                	29.39           	80.00           	1.87            	0.37            	2.93            	0.033           
Pipe 408                	49.95           	80.00           	2.97            	0.59            	6.91            	0.031           
Pipe 409                	46.29           	60.00           	0.11            	0.04            	0.06            	0.049           
Pipe 410                	47.73           	80.00           	2.75            	0.55            	5.99            	0.031           
Pipe 411                	84.15           	60.00           	-1.43           	0.51            	7.24            	0.033           
Pipe 412                	42.11           	60.00           	1.32            	0.47            	6.24            	0.034           
Pipe 413                	76.64           	60.00           	-0.11           	0.04            	0.06            	0.049           
Pipe 414                	44.18           	60.00           	-0.88           	0.31            	2.94            	0.036           
Pipe 415                	207.24          	60.00           	0.66            	0.23            	1.72            	0.037           
Pipe 416                	43.41           	60.00           	-0.11           	0.04            	0.06            	0.049           
Pipe 417                	39.61           	60.00           	-0.99           	0.35            	3.66            	0.035           
Pipe 418                	83.02           	60.00           	0.55            	0.19            	1.23            	0.039           
Pipe 419                	85.9            	60.00           	-1.54           	0.54            	8.30            	0.033           
Pipe 420                	20.2            	80.00           	-1.76           	0.35            	2.62            	0.034           
Pipe 421                	21.77           	60.00           	0.11            	0.04            	0.06            	0.049           
Pipe 422                	39.21           	60.00           	1.21            	0.43            	5.31            	0.034           
Pipe 423                	61.33           	60.00           	0.11            	0.04            	0.06            	0.049           
Pipe 424                	121.37          	60.00           	-0.22           	0.08            	0.22            	0.044           
Pipe 425                	187.26          	60.00           	0.11            	0.04            	0.06            	0.049           
Pipe 426                	207.99          	60.00           	-0.44           	0.15            	0.81            	0.040           
Pipe 427                	126.05          	60.00           	0.11            	0.04            	0.06            	0.049           
Pipe 428                	43.21           	60.00           	-1.10           	0.39            	4.45            	0.035           
Pipe 429                	850             	120             	-5.95           	0.53            	4.88            	0.041           
Pipe 430                	100             	60              	-2.98           	1.05            	39.54           	0.042           
Pipe 431                	100             	60              	0.11            	0.04            	0.09            	0.068           
Pipe 432                	100             	60              	-0.01           	0.00            	0.00            	0.127           
