/Users/conrad/Documents/EC/Course_deuxiemme_annee/Project_Inno/Projet_P5C006/Monterusciello_solution/Monterusciello_acqueduct
Network Table - Links
                        	Length          	Diameter        	Flow            	Velocity        	Unit Headloss   	Friction Factor 
 Link ID                	m               	mm              	LPS             	m/s             	m/km            	                
Pipe 0                  	440.64          	125.0           	9.57            	0.78            	5.92            	0.024           
Pipe 1                  	851.43          	75.0            	-3.69           	0.84            	12.21           	0.026           
Pipe 2                  	587.54          	160.0           	-18.20          	0.91            	5.85            	0.022           
Pipe 3                  	62.54           	75.0            	3.15            	0.71            	10.58           	0.031           
Pipe 4                  	8.45            	75.0            	4.72            	1.07            	22.34           	0.029           
Pipe 5                  	29.12           	75.0            	4.34            	0.98            	19.11           	0.029           
Pipe 6                  	160.9           	75.0            	2.58            	0.58            	7.29            	0.032           
Pipe 7                  	41.38           	75.0            	2.62            	0.59            	7.49            	0.031           
Pipe 8                  	25.62           	75.0            	4.27            	0.97            	18.53           	0.029           
Pipe 9                  	719.47          	225.0           	39.76           	1.00            	4.73            	0.021           
Pipe 10                 	841.45          	250.0           	-46.97          	0.96            	3.85            	0.021           
Pipe 11                 	155.23          	75.0            	1.43            	0.32            	2.45            	0.034           
Pipe 12                 	48.34           	75.0            	1.98            	0.45            	4.47            	0.033           
Pipe 13                 	551.08          	180.0           	-21.50          	0.84            	4.49            	0.022           
Pipe 14                 	174.51          	75.0            	0.84            	0.19            	0.91            	0.037           
Pipe 15                 	179.56          	75.0            	0.72            	0.16            	0.68            	0.038           
Pipe 16                 	110.19          	75.0            	1.64            	0.37            	3.14            	0.034           
Pipe 17                 	320.72          	225.0           	33.16           	0.83            	3.38            	0.021           
Pipe 18                 	35.76           	75.0            	1.61            	0.37            	3.06            	0.034           
Pipe 19                 	56.69           	75.0            	2.85            	0.64            	8.76            	0.031           
Pipe 20                 	101.54          	75.0            	2.03            	0.46            	4.68            	0.033           
Pipe 21                 	334.87          	110.0           	7.48            	0.79            	7.00            	0.024           
Pipe 22                 	32.69           	75.0            	2.08            	0.47            	4.92            	0.033           
Pipe 23                 	20.31           	75.0            	1.99            	0.45            	4.49            	0.033           
Pipe 24                 	48.77           	75.0            	2.97            	0.67            	9.48            	0.031           
Pipe 25                 	10.95           	75.0            	4.40            	1.00            	19.61           	0.029           
Pipe 26                 	104.26          	75.0            	0.14            	0.03            	0.04            	0.048           
Pipe 27                 	99.57           	75.0            	-0.25           	0.06            	0.10            	0.044           
Pipe 28                 	68.24           	75.0            	0.03            	0.01            	0.00            	0.058           
Pipe 29                 	65.72           	75.0            	-0.22           	0.05            	0.08            	0.045           
Pipe 30                 	56.1            	75.0            	-0.14           	0.03            	0.03            	0.048           
Pipe 31                 	45.13           	75.0            	0.42            	0.09            	0.25            	0.041           
Pipe 32                 	56.23           	75.0            	-0.49           	0.11            	0.34            	0.040           
Pipe 33                 	35.34           	75.0            	-0.33           	0.07            	0.16            	0.043           
Pipe 34                 	34.84           	75.0            	-0.25           	0.06            	0.10            	0.044           
Pipe 35                 	45.18           	75.0            	-0.68           	0.15            	0.63            	0.038           
Pipe 36                 	46.89           	75.0            	0.57            	0.13            	0.45            	0.039           
Pipe 37                 	29.29           	75.0            	0.02            	0.00            	0.00            	0.063           
Pipe 38                 	32.1            	75.0            	-0.82           	0.18            	0.86            	0.037           
Pipe 39                 	153.02          	75.0            	0.46            	0.11            	0.30            	0.041           
Pipe 40                 	23.82           	75.0            	-0.09           	0.02            	0.01            	0.051           
Pipe 41                 	10.07           	75.0            	-0.56           	0.13            	0.43            	0.039           
Pipe 42                 	26.79           	75.0            	-0.37           	0.08            	0.20            	0.042           
Pipe 43                 	74.74           	75.0            	0.13            	0.03            	0.03            	0.049           
Pipe 44                 	33.46           	15.0            	0.22            	1.24            	194.01          	0.037           
Pipe 45                 	26.28           	75.0            	0.78            	0.18            	0.80            	0.038           
Pipe 46                 	34.72           	75.0            	-0.89           	0.20            	1.02            	0.037           
Pipe 47                 	28.4            	75.0            	0.67            	0.15            	0.60            	0.038           
Pipe 48                 	68.1            	75.0            	-0.22           	0.05            	0.07            	0.045           
Pipe 49                 	35.24           	75.0            	-1.60           	0.36            	3.00            	0.034           
Pipe 50                 	36.22           	75.0            	0.81            	0.18            	0.86            	0.037           
Pipe 51                 	35.68           	75.0            	-1.64           	0.37            	3.14            	0.034           
Pipe 52                 	34.91           	75.0            	0.90            	0.20            	1.04            	0.037           
Pipe 53                 	89.11           	75.0            	0.41            	0.09            	0.24            	0.041           
Pipe 54                 	35.04           	75.0            	-1.37           	0.31            	2.25            	0.035           
Pipe 55                 	68.03           	75.0            	-0.34           	0.08            	0.17            	0.043           
Pipe 56                 	68.58           	75.0            	0.00            	0.00            	0.00            	0.000           
Pipe 57                 	35.23           	75.0            	0.70            	0.16            	0.66            	0.038           
Pipe 58                 	76.03           	75.0            	1.13            	0.26            	1.59            	0.036           
Pipe 59                 	51.29           	75.0            	-1.10           	0.25            	1.51            	0.036           
Pipe 60                 	68.16           	75.0            	1.10            	0.25            	1.51            	0.036           
Pipe 61                 	51.46           	75.0            	-1.24           	0.28            	1.89            	0.035           
Pipe 62                 	24.7            	75.0            	1.02            	0.23            	1.31            	0.036           
Pipe 63                 	56.44           	75.0            	1.61            	0.36            	3.05            	0.034           
Pipe 64                 	36.36           	75.0            	0.33            	0.07            	0.16            	0.043           
Pipe 65                 	18.23           	75.0            	1.33            	0.30            	2.13            	0.035           
Pipe 66                 	49.64           	75.0            	-0.34           	0.08            	0.17            	0.043           
Pipe 67                 	24.97           	75.0            	-1.35           	0.31            	2.21            	0.035           
Pipe 68                 	59.59           	75.0            	-0.19           	0.04            	0.06            	0.046           
Pipe 69                 	37.51           	75.0            	0.66            	0.15            	0.58            	0.039           
Pipe 70                 	36.91           	75.0            	0.44            	0.10            	0.28            	0.041           
Pipe 71                 	33.57           	75.0            	1.16            	0.26            	1.67            	0.035           
Pipe 72                 	68.27           	75.0            	-1.15           	0.26            	1.62            	0.036           
Pipe 73                 	6.66            	75.0            	1.22            	0.28            	1.82            	0.035           
Pipe 74                 	68.1            	75.0            	-2.29           	0.52            	5.84            	0.032           
Pipe 75                 	51.54           	75.0            	0.83            	0.19            	0.88            	0.037           
Pipe 76                 	62.05           	75.0            	2.32            	0.53            	6.01            	0.032           
Pipe 77                 	49.38           	75.0            	1.56            	0.35            	2.86            	0.034           
Pipe 78                 	32.23           	75.0            	-0.84           	0.19            	0.91            	0.037           
Pipe 79                 	35.81           	75.0            	0.95            	0.22            	1.15            	0.037           
Pipe 80                 	37.0            	75.0            	1.26            	0.29            	1.94            	0.035           
Pipe 81                 	33.41           	75.0            	1.45            	0.33            	2.50            	0.034           
Pipe 82                 	57.76           	15.0            	-0.11           	0.62            	53.74           	0.041           
Pipe 83                 	61.34           	75.0            	0.62            	0.14            	0.52            	0.039           
Pipe 84                 	36.71           	75.0            	0.61            	0.14            	0.50            	0.039           
Pipe 85                 	45.52           	75.0            	0.32            	0.07            	0.15            	0.043           
Pipe 86                 	57.56           	75.0            	0.50            	0.11            	0.35            	0.040           
Pipe 87                 	36.73           	25.0            	-0.22           	0.45            	16.11           	0.039           
Pipe 88                 	63.21           	15.0            	0.11            	0.62            	53.74           	0.041           
Pipe 89                 	36.83           	25.0            	-0.33           	0.67            	34.14           	0.037           
Pipe 91                 	35.63           	25.0            	-0.44           	0.90            	58.17           	0.036           
Pipe 92                 	37.0            	25.0            	-0.55           	1.12            	87.94           	0.034           
Pipe 93                 	63.22           	50.0            	-0.66           	0.34            	4.21            	0.037           
Pipe 94                 	37.21           	75.0            	-0.43           	0.10            	0.27            	0.041           
Pipe 95                 	200.95          	75.0            	-0.34           	0.08            	0.17            	0.043           
Pipe 96                 	196.35          	75.0            	-0.22           	0.05            	0.08            	0.045           
Pipe 97                 	206.97          	75.0            	-0.32           	0.07            	0.15            	0.043           
Pipe 98                 	54.38           	75.0            	-0.23           	0.05            	0.08            	0.045           
Pipe 99                 	35.24           	75.0            	-0.33           	0.07            	0.16            	0.043           
Pipe 100                	35.1            	15.0            	0.11            	0.62            	53.74           	0.041           
Pipe 101                	36.33           	75.0            	-0.33           	0.07            	0.16            	0.043           
Pipe 102                	47.21           	75.0            	-0.62           	0.14            	0.52            	0.039           
Pipe 103                	34.84           	75.0            	0.19            	0.04            	0.06            	0.046           
Pipe 104                	34.86           	75.0            	-0.34           	0.08            	0.17            	0.043           
Pipe 105                	46.76           	75.0            	-0.25           	0.06            	0.10            	0.045           
Pipe 106                	36.53           	75.0            	0.09            	0.02            	0.01            	0.052           
Pipe 107                	181.31          	75.0            	-0.64           	0.14            	0.55            	0.039           
Pipe 108                	62.2            	15.0            	0.11            	0.62            	53.74           	0.041           
Pipe 109                	30.7            	75.0            	-0.72           	0.16            	0.69            	0.038           
Pipe 110                	34.31           	75.0            	0.70            	0.16            	0.65            	0.038           
Pipe 111                	105.44          	75.0            	-0.71           	0.16            	0.67            	0.038           
Pipe 112                	37.93           	75.0            	-0.02           	0.01            	0.00            	0.059           
Pipe 113                	66.05           	75.0            	-0.75           	0.17            	0.73            	0.038           
Pipe 114                	29.42           	75.0            	-0.61           	0.14            	0.50            	0.039           
Pipe 115                	29.05           	75.0            	-0.25           	0.06            	0.10            	0.045           
Pipe 116                	27.81           	15.0            	0.11            	0.62            	53.74           	0.041           
Pipe 117                	101.24          	75.0            	0.39            	0.09            	0.22            	0.042           
Pipe 118                	25.9            	75.0            	-0.50           	0.11            	0.35            	0.040           
Pipe 119                	82.2            	75.0            	0.83            	0.19            	0.89            	0.037           
Pipe 120                	26.24           	75.0            	-0.55           	0.12            	0.41            	0.040           
Pipe 121                	24.85           	75.0            	-0.36           	0.08            	0.19            	0.042           
Pipe 122                	7.43            	75.0            	-1.05           	0.24            	1.39            	0.036           
Pipe 123                	31.04           	75.0            	0.59            	0.13            	0.47            	0.039           
Pipe 124                	29.15           	75.0            	0.48            	0.11            	0.32            	0.040           
Pipe 125                	27.33           	15.0            	0.11            	0.62            	53.74           	0.041           
Pipe 126                	15.72           	75.0            	0.20            	0.05            	0.06            	0.046           
Pipe 127                	68.36           	75.0            	-0.22           	0.05            	0.08            	0.045           
Pipe 128                	35.23           	75.0            	-0.63           	0.14            	0.54            	0.039           
Pipe 129                	68.14           	75.0            	-0.25           	0.06            	0.10            	0.044           
Pipe 130                	33.41           	75.0            	0.58            	0.13            	0.47            	0.039           
Pipe 131                	35.22           	75.0            	0.46            	0.10            	0.29            	0.041           
Pipe 132                	67.24           	75.0            	0.35            	0.08            	0.18            	0.042           
Pipe 133                	36.11           	75.0            	2.09            	0.47            	4.93            	0.033           
Pipe 134                	61.69           	75.0            	0.99            	0.23            	1.25            	0.036           
Pipe 135                	44.36           	75.0            	2.15            	0.49            	5.19            	0.032           
Pipe 136                	34.49           	75.0            	0.28            	0.06            	0.12            	0.044           
Pipe 137                	69.11           	75.0            	1.76            	0.40            	3.59            	0.033           
Pipe 138                	36.03           	75.0            	0.69            	0.16            	0.64            	0.038           
Pipe 139                	87.57           	75.0            	0.10            	0.02            	0.02            	0.051           
Pipe 140                	35.81           	75.0            	0.58            	0.13            	0.45            	0.039           
Pipe 141                	34.99           	75.0            	0.54            	0.12            	0.40            	0.040           
Pipe 142                	68.47           	75.0            	0.04            	0.01            	0.00            	0.058           
Pipe 143                	35.8            	75.0            	0.57            	0.13            	0.44            	0.039           
Pipe 144                	58.25           	75.0            	-0.13           	0.03            	0.03            	0.049           
Pipe 145                	61.37           	75.0            	0.46            	0.10            	0.29            	0.041           
Pipe 146                	57.99           	15.0            	0.22            	1.24            	194.01          	0.037           
Pipe 147                	81.67           	15.0            	0.11            	0.62            	53.74           	0.041           
Pipe 148                	35.22           	75.0            	-0.82           	0.19            	0.87            	0.037           
Pipe 149                	64.32           	75.0            	1.65            	0.37            	3.19            	0.034           
Pipe 150                	28.66           	75.0            	0.92            	0.21            	1.08            	0.037           
Pipe 151                	26.56           	75.0            	0.62            	0.14            	0.52            	0.039           
Pipe 152                	30.82           	75.0            	0.34            	0.08            	0.17            	0.043           
Pipe 153                	16.34           	75.0            	0.47            	0.11            	0.31            	0.041           
Pipe 154                	36.48           	75.0            	0.51            	0.12            	0.36            	0.040           
Pipe 155                	24.85           	75.0            	0.23            	0.05            	0.08            	0.045           
Pipe 156                	24.06           	75.0            	-0.05           	0.01            	0.01            	0.060           
Pipe 157                	28.63           	75.0            	0.17            	0.04            	0.05            	0.047           
Pipe 158                	10.88           	75.0            	0.36            	0.08            	0.19            	0.042           
Pipe 159                	24.58           	75.0            	0.20            	0.05            	0.07            	0.046           
Pipe 160                	23.13           	75.0            	0.06            	0.01            	0.01            	0.054           
Pipe 161                	33.56           	75.0            	0.40            	0.09            	0.23            	0.042           
Pipe 162                	29.6            	75.0            	0.29            	0.07            	0.13            	0.044           
Pipe 163                	11.46           	75.0            	0.09            	0.02            	0.02            	0.053           
Pipe 164                	31.24           	75.0            	0.06            	0.01            	0.01            	0.057           
Pipe 165                	31.05           	75.0            	-0.02           	0.00            	0.00            	0.074           
Pipe 166                	11.8            	75.0            	-0.05           	0.01            	0.01            	0.061           
Pipe 167                	26.64           	75.0            	-0.18           	0.04            	0.05            	0.047           
Pipe 168                	12.19           	15.0            	-0.22           	1.24            	194.01          	0.037           
Pipe 169                	21.66           	15.0            	0.11            	0.62            	53.74           	0.041           
Pipe 170                	60.4            	25.0            	-0.33           	0.67            	34.14           	0.037           
Pipe 171                	50.06           	75.0            	0.22            	0.05            	0.08            	0.045           
Pipe 172                	28.62           	75.0            	-0.04           	0.01            	0.00            	0.061           
Pipe 173                	32.3            	75.0            	-0.62           	0.14            	0.51            	0.039           
Pipe 174                	34.21           	75.0            	0.11            	0.02            	0.02            	0.050           
Pipe 175                	49.66           	75.0            	0.24            	0.06            	0.09            	0.045           
Pipe 176                	34.23           	75.0            	-0.59           	0.13            	0.48            	0.039           
Pipe 177                	85.17           	75.0            	0.20            	0.04            	0.06            	0.046           
Pipe 178                	30.55           	75.0            	-0.02           	0.01            	0.00            	0.057           
Pipe 179                	53.27           	75.0            	-0.70           	0.16            	0.65            	0.038           
Pipe 180                	55.26           	15.0            	-0.11           	0.62            	53.74           	0.041           
Pipe 181                	53.04           	15.0            	-0.22           	1.24            	194.01          	0.037           
Pipe 182                	31.24           	75.0            	-0.50           	0.11            	0.35            	0.040           
Pipe 183                	84.64           	75.0            	0.17            	0.04            	0.05            	0.047           
Pipe 184                	71.83           	15.0            	-0.11           	0.62            	53.74           	0.041           
Pipe 185                	70.66           	75.0            	0.13            	0.03            	0.03            	0.049           
Pipe 186                	89.76           	75.0            	-0.09           	0.02            	0.01            	0.052           
Pipe 187                	66.85           	15.0            	0.11            	0.62            	53.74           	0.041           
Pipe 188                	85.8            	75.0            	-1.57           	0.36            	2.91            	0.034           
Pipe 189                	105.59          	75.0            	0.93            	0.21            	1.11            	0.037           
Pipe 190                	115.27          	75.0            	0.53            	0.12            	0.39            	0.040           
Pipe 191                	53.8            	75.0            	0.44            	0.10            	0.27            	0.041           
Pipe 192                	92.21           	75.0            	0.85            	0.19            	0.93            	0.037           
Pipe 193                	97.83           	75.0            	-0.15           	0.03            	0.04            	0.048           
Pipe 194                	57.14           	75.0            	0.41            	0.09            	0.24            	0.041           
Pipe 195                	75.38           	75.0            	0.57            	0.13            	0.44            	0.039           
Pipe 196                	47.47           	75.0            	-0.31           	0.07            	0.15            	0.043           
Pipe 197                	27.0            	75.0            	0.73            	0.17            	0.70            	0.038           
Pipe 198                	54.02           	75.0            	-0.28           	0.06            	0.12            	0.044           
Pipe 199                	103.78          	75.0            	0.61            	0.14            	0.51            	0.039           
Pipe 200                	81.74           	75.0            	-0.39           	0.09            	0.22            	0.042           
Pipe 201                	53.26           	75.0            	1.13            	0.26            	1.59            	0.036           
Pipe 202                	51.0            	75.0            	-0.91           	0.21            	1.07            	0.037           
Pipe 203                	31.3            	75.0            	0.65            	0.15            	0.57            	0.039           
Pipe 204                	79.32           	75.0            	0.30            	0.07            	0.14            	0.043           
Pipe 205                	90.2            	75.0            	0.07            	0.02            	0.01            	0.054           
Pipe 206                	74.64           	75.0            	0.38            	0.09            	0.21            	0.042           
Pipe 207                	93.22           	75.0            	-0.87           	0.20            	0.98            	0.037           
Pipe 208                	23.45           	75.0            	0.45            	0.10            	0.29            	0.041           
Pipe 209                	53.13           	75.0            	-0.51           	0.12            	0.36            	0.040           
Pipe 210                	29.0            	75.0            	0.42            	0.09            	0.25            	0.041           
Pipe 211                	64.77           	75.0            	0.71            	0.16            	0.67            	0.038           
Pipe 212                	51.88           	75.0            	-0.73           	0.17            	0.70            	0.038           
Pipe 213                	30.18           	75.0            	0.19            	0.04            	0.06            	0.046           
Pipe 214                	30.43           	75.0            	-1.03           	0.23            	1.34            	0.036           
Pipe 215                	32.91           	75.0            	-0.62           	0.14            	0.52            	0.039           
Pipe 216                	29.17           	75.0            	-0.82           	0.19            	0.87            	0.037           
Pipe 217                	45.65           	75.0            	-0.13           	0.03            	0.03            	0.049           
Pipe 218                	42.84           	15.0            	0.22            	1.24            	194.01          	0.037           
Pipe 219                	50.01           	75.0            	-0.40           	0.09            	0.23            	0.042           
Pipe 220                	69.48           	75.0            	-1.56           	0.35            	2.88            	0.034           
Pipe 221                	30.48           	75.0            	0.96            	0.22            	1.16            	0.036           
Pipe 222                	73.32           	75.0            	-2.33           	0.53            	6.06            	0.032           
Pipe 223                	58.49           	75.0            	-1.96           	0.44            	4.37            	0.033           
Pipe 224                	91.79           	75.0            	0.71            	0.16            	0.68            	0.038           
Pipe 225                	12.05           	15.0            	0.11            	0.62            	53.74           	0.041           
Pipe 226                	45.36           	75.0            	0.54            	0.12            	0.41            	0.040           
Pipe 227                	15.73           	15.0            	0.11            	0.62            	53.74           	0.041           
Pipe 228                	50.34           	75.0            	0.32            	0.07            	0.16            	0.043           
Pipe 229                	27.41           	15.0            	0.11            	0.62            	53.74           	0.041           
Pipe 230                	104.93          	75.0            	1.02            	0.23            	1.32            	0.036           
Pipe 231                	49.6            	75.0            	0.54            	0.12            	0.40            	0.040           
Pipe 232                	41.27           	75.0            	0.45            	0.10            	0.28            	0.041           
Pipe 233                	46.59           	75.0            	0.34            	0.08            	0.17            	0.043           
Pipe 234                	42.46           	75.0            	-0.57           	0.13            	0.45            	0.039           
Pipe 235                	31.01           	75.0            	0.76            	0.17            	0.77            	0.038           
Pipe 236                	25.16           	75.0            	-0.68           	0.15            	0.62            	0.038           
Pipe 237                	36.51           	75.0            	0.65            	0.15            	0.57            	0.039           
Pipe 238                	45.2            	75.0            	0.23            	0.05            	0.08            	0.045           
Pipe 239                	70.86           	75.0            	-0.11           	0.02            	0.02            	0.050           
Pipe 240                	74.2            	75.0            	0.23            	0.05            	0.08            	0.045           
Pipe 241                	19.57           	75.0            	-0.22           	0.05            	0.08            	0.045           
Pipe 242                	48.53           	75.0            	0.12            	0.03            	0.02            	0.050           
Pipe 243                	48.51           	75.0            	0.32            	0.07            	0.16            	0.043           
Pipe 244                	33.34           	75.0            	-0.21           	0.05            	0.07            	0.046           
Pipe 245                	30.84           	15.0            	0.22            	1.24            	194.01          	0.037           
Pipe 246                	31.42           	75.0            	0.63            	0.14            	0.54            	0.039           
Pipe 247                	34.25           	75.0            	0.52            	0.12            	0.38            	0.040           
Pipe 248                	30.57           	75.0            	-0.08           	0.02            	0.01            	0.052           
Pipe 249                	22.59           	75.0            	-0.19           	0.04            	0.06            	0.046           
Pipe 250                	19.08           	15.0            	0.11            	0.62            	53.74           	0.041           
Pipe 251                	33.83           	75.0            	0.30            	0.07            	0.14            	0.043           
Pipe 252                	23.05           	15.0            	0.11            	0.62            	53.74           	0.041           
Pipe 253                	61.8            	15.0            	0.22            	1.24            	194.01          	0.037           
Pipe 254                	88.05           	25.0            	-0.33           	0.67            	34.14           	0.037           
Pipe 255                	103.81          	15.0            	0.11            	0.62            	53.74           	0.041           
Pipe 256                	24.5            	75.0            	-0.24           	0.05            	0.09            	0.045           
Pipe 257                	19.7            	75.0            	-0.20           	0.05            	0.07            	0.046           
Pipe 258                	102.79          	75.0            	-0.35           	0.08            	0.18            	0.042           
Pipe 259                	23.37           	75.0            	-0.31           	0.07            	0.15            	0.043           
Pipe 260                	39.29           	75.0            	0.95            	0.22            	1.15            	0.037           
Pipe 261                	124.01          	75.0            	-1.06           	0.24            	1.41            	0.036           
Pipe 262                	39.4            	75.0            	0.84            	0.19            	0.92            	0.037           
Pipe 263                	19.26           	15.0            	0.11            	0.62            	53.74           	0.041           
Pipe 264                	16.12           	75.0            	-1.28           	0.29            	2.00            	0.035           
Pipe 265                	90.1            	15.0            	0.11            	0.62            	53.74           	0.041           
Pipe 266                	106.63          	75.0            	0.62            	0.14            	0.52            	0.039           
Pipe 267                	12.17           	75.0            	-1.39           	0.32            	2.33            	0.035           
Pipe 268                	39.98           	75.0            	-0.27           	0.06            	0.11            	0.044           
Pipe 269                	28.06           	75.0            	0.78            	0.18            	0.79            	0.038           
Pipe 270                	41.21           	75.0            	0.74            	0.17            	0.73            	0.038           
Pipe 271                	42.49           	75.0            	-1.12           	0.25            	1.56            	0.036           
Pipe 272                	36.17           	75.0            	0.25            	0.06            	0.10            	0.044           
Pipe 273                	31.46           	75.0            	0.42            	0.09            	0.25            	0.041           
Pipe 274                	30.86           	75.0            	-0.46           	0.10            	0.30            	0.041           
Pipe 275                	97.11           	75.0            	0.42            	0.10            	0.26            	0.041           
Pipe 276                	46.28           	75.0            	0.93            	0.21            	1.10            	0.037           
Pipe 277                	40.5            	75.0            	-1.92           	0.43            	4.22            	0.033           
Pipe 278                	29.67           	75.0            	0.82            	0.19            	0.87            	0.037           
Pipe 279                	31.51           	75.0            	-1.50           	0.34            	2.68            	0.034           
Pipe 280                	34.29           	75.0            	1.62            	0.37            	3.07            	0.034           
Pipe 281                	36.94           	75.0            	0.42            	0.10            	0.26            	0.041           
Pipe 282                	36.06           	75.0            	0.46            	0.10            	0.30            	0.041           
Pipe 283                	34.66           	75.0            	-0.31           	0.07            	0.14            	0.043           
Pipe 284                	30.87           	75.0            	0.62            	0.14            	0.52            	0.039           
Pipe 285                	33.49           	75.0            	0.57            	0.13            	0.44            	0.039           
Pipe 286                	23.75           	75.0            	-0.21           	0.05            	0.07            	0.045           
Pipe 287                	23.55           	75.0            	1.29            	0.29            	2.03            	0.035           
Pipe 288                	28.01           	75.0            	1.08            	0.24            	1.45            	0.036           
Pipe 289                	35.03           	75.0            	-0.42           	0.10            	0.26            	0.041           
Pipe 290                	62.37           	75.0            	1.39            	0.31            	2.32            	0.035           
Pipe 291                	55.61           	75.0            	0.76            	0.17            	0.76            	0.038           
Pipe 292                	102.71          	75.0            	0.58            	0.13            	0.46            	0.039           
Pipe 293                	53.79           	75.0            	0.70            	0.16            	0.65            	0.038           
Pipe 294                	89.13           	75.0            	0.65            	0.15            	0.57            	0.039           
Pipe 295                	54.23           	75.0            	0.47            	0.11            	0.32            	0.041           
Pipe 296                	26.49           	75.0            	0.59            	0.13            	0.47            	0.039           
Pipe 297                	99.67           	75.0            	0.70            	0.16            	0.65            	0.038           
Pipe 298                	24.59           	75.0            	0.10            	0.02            	0.02            	0.051           
Pipe 299                	23.28           	75.0            	-0.26           	0.06            	0.11            	0.044           
Pipe 300                	56.51           	75.0            	0.59            	0.13            	0.47            	0.039           
Pipe 301                	22.57           	75.0            	-0.01           	0.00            	0.00            	0.000           
Pipe 302                	33.21           	75.0            	-0.60           	0.14            	0.49            	0.039           
Pipe 303                	35.26           	75.0            	0.23            	0.05            	0.08            	0.045           
Pipe 304                	55.15           	75.0            	0.48            	0.11            	0.32            	0.040           
Pipe 305                	20.76           	75.0            	-0.11           	0.03            	0.02            	0.051           
Pipe 306                	25.27           	75.0            	0.48            	0.11            	0.33            	0.040           
Pipe 307                	78.98           	75.0            	0.36            	0.08            	0.19            	0.042           
Pipe 308                	20.03           	75.0            	0.37            	0.08            	0.20            	0.042           
Pipe 309                	31.91           	75.0            	0.14            	0.03            	0.03            	0.048           
Pipe 310                	38.14           	15.0            	0.22            	1.24            	194.01          	0.037           
Pipe 311                	44.72           	75.0            	0.03            	0.01            	0.00            	0.055           
Pipe 312                	40.24           	15.0            	0.11            	0.62            	53.74           	0.041           
Pipe 313                	33.73           	75.0            	0.25            	0.06            	0.10            	0.044           
Pipe 314                	22.46           	75.0            	-0.04           	0.01            	0.00            	0.049           
Pipe 315                	50.5            	15.0            	0.22            	1.24            	194.01          	0.037           
Pipe 316                	84.12           	75.0            	-0.15           	0.03            	0.04            	0.048           
Pipe 317                	37.83           	15.0            	0.11            	0.62            	53.74           	0.041           
Pipe 318                	21.66           	75.0            	-0.26           	0.06            	0.11            	0.044           
Pipe 319                	48.0            	15.0            	0.11            	0.62            	53.74           	0.041           
Pipe 320                	52.04           	15.0            	0.11            	0.62            	53.74           	0.041           
Pipe 321                	33.49           	75.0            	0.05            	0.01            	0.00            	0.055           
Pipe 322                	74.58           	75.0            	-0.16           	0.04            	0.04            	0.048           
Pipe 323                	34.36           	75.0            	-0.14           	0.03            	0.03            	0.048           
Pipe 324                	60.82           	75.0            	0.08            	0.02            	0.01            	0.052           
Pipe 325                	82.16           	75.0            	-0.27           	0.06            	0.11            	0.044           
Pipe 326                	34.78           	75.0            	-0.12           	0.03            	0.03            	0.049           
Pipe 327                	60.92           	75.0            	0.14            	0.03            	0.03            	0.049           
Pipe 328                	104.32          	75.0            	-0.26           	0.06            	0.11            	0.044           
Pipe 329                	34.6            	75.0            	-0.03           	0.01            	0.00            	0.057           
Pipe 330                	36.4            	75.0            	0.05            	0.01            	0.01            	0.057           
Pipe 331                	66.78           	75.0            	-0.43           	0.10            	0.27            	0.041           
Pipe 332                	104.94          	75.0            	-0.23           	0.05            	0.09            	0.045           
Pipe 333                	67.02           	75.0            	-0.47           	0.11            	0.31            	0.041           
Pipe 334                	35.8            	75.0            	0.15            	0.03            	0.04            	0.048           
Pipe 335                	33.42           	75.0            	-0.20           	0.04            	0.06            	0.046           
Pipe 336                	58.65           	75.0            	-0.82           	0.19            	0.88            	0.037           
Pipe 337                	34.31           	75.0            	0.24            	0.05            	0.09            	0.045           
Pipe 338                	36.4            	75.0            	-0.31           	0.07            	0.14            	0.043           
Pipe 339                	58.67           	75.0            	-0.30           	0.07            	0.14            	0.043           
Pipe 340                	53.82           	75.0            	-1.90           	0.43            	4.13            	0.033           
Pipe 341                	121.2           	75.0            	0.90            	0.20            	1.04            	0.037           
Pipe 342                	110.07          	75.0            	0.88            	0.20            	1.00            	0.037           
Pipe 343                	40.98           	75.0            	-2.47           	0.56            	6.74            	0.032           
Pipe 344                	47.89           	75.0            	0.46            	0.11            	0.30            	0.041           
Pipe 345                	67.14           	75.0            	0.13            	0.03            	0.03            	0.049           
Pipe 346                	35.53           	75.0            	0.66            	0.15            	0.59            	0.039           
Pipe 347                	35.94           	75.0            	0.80            	0.18            	0.83            	0.037           
Pipe 348                	63.98           	75.0            	-0.02           	0.01            	0.00            	0.064           
Pipe 349                	163.32          	75.0            	-0.63           	0.14            	0.53            	0.039           
Pipe 350                	47.15           	75.0            	-4.16           	0.94            	17.65           	0.029           
Pipe 351                	47.66           	75.0            	2.20            	0.50            	5.45            	0.032           
Pipe 352                	39.85           	75.0            	-0.77           	0.17            	0.77            	0.038           
Pipe 353                	46.77           	75.0            	1.12            	0.25            	1.56            	0.036           
Pipe 354                	35.57           	75.0            	-0.58           	0.13            	0.46            	0.039           
Pipe 355                	40.71           	75.0            	0.60            	0.14            	0.49            	0.039           
Pipe 356                	67.13           	75.0            	0.08            	0.02            	0.01            	0.052           
Pipe 357                	45.96           	75.0            	0.21            	0.05            	0.07            	0.046           
Pipe 358                	75.23           	75.0            	0.27            	0.06            	0.11            	0.044           
Pipe 359                	46.27           	75.0            	0.37            	0.08            	0.20            	0.042           
Pipe 360                	73.83           	75.0            	0.32            	0.07            	0.15            	0.043           
Pipe 361                	71.46           	75.0            	-0.13           	0.03            	0.03            	0.049           
Pipe 362                	13.59           	75.0            	-0.50           	0.11            	0.34            	0.040           
Pipe 363                	62.07           	75.0            	0.39            	0.09            	0.22            	0.042           
Pipe 364                	44.67           	75.0            	-0.61           	0.14            	0.50            	0.039           
Pipe 365                	34.45           	75.0            	-0.06           	0.01            	0.01            	0.056           
Pipe 366                	58.55           	75.0            	0.33            	0.08            	0.17            	0.043           
Pipe 367                	34.61           	75.0            	1.04            	0.24            	1.35            	0.036           
Pipe 368                	36.4            	75.0            	-0.47           	0.11            	0.31            	0.041           
Pipe 369                	57.99           	75.0            	0.30            	0.07            	0.14            	0.043           
Pipe 370                	34.31           	75.0            	-0.19           	0.04            	0.06            	0.046           
Pipe 371                	67.24           	75.0            	0.42            	0.09            	0.25            	0.041           
Pipe 372                	161.95          	75.0            	-0.58           	0.13            	0.46            	0.039           
Pipe 373                	118.26          	75.0            	-2.51           	0.57            	6.91            	0.032           
Pipe 374                	37.59           	75.0            	1.81            	0.41            	3.80            	0.033           
Pipe 375                	147.09          	75.0            	1.70            	0.39            	3.39            	0.034           
Pipe 376                	48.16           	75.0            	1.33            	0.30            	2.14            	0.035           
Pipe 377                	27.02           	75.0            	1.59            	0.36            	3.00            	0.034           
Pipe 378                	56.43           	75.0            	0.87            	0.20            	0.97            	0.037           
Pipe 379                	88.12           	75.0            	0.62            	0.14            	0.52            	0.039           
Pipe 380                	66.92           	75.0            	1.11            	0.25            	1.54            	0.036           
Pipe 381                	35.38           	75.0            	0.10            	0.02            	0.02            	0.051           
Pipe 382                	48.15           	75.0            	0.90            	0.20            	1.03            	0.037           
Pipe 383                	35.33           	75.0            	0.11            	0.02            	0.02            	0.051           
Pipe 384                	67.04           	75.0            	1.11            	0.25            	1.54            	0.036           
Pipe 385                	51.02           	75.0            	0.79            	0.18            	0.81            	0.038           
Pipe 386                	48.53           	75.0            	1.11            	0.25            	1.53            	0.036           
Pipe 387                	43.97           	75.0            	0.68            	0.15            	0.61            	0.038           
Pipe 388                	54.56           	75.0            	1.00            	0.23            	1.26            	0.036           
Pipe 389                	44.38           	75.0            	0.57            	0.13            	0.44            	0.039           
Pipe 390                	55.48           	75.0            	0.46            	0.10            	0.30            	0.041           
Pipe 391                	52.4            	75.0            	-0.20           	0.05            	0.07            	0.046           
Pipe 392                	75.17           	75.0            	0.55            	0.12            	0.42            	0.040           
Pipe 393                	45.99           	75.0            	0.31            	0.07            	0.15            	0.043           
Pipe 394                	51.49           	15.0            	0.22            	1.24            	194.01          	0.037           
Pipe 395                	51.72           	75.0            	0.01            	0.00            	0.00            	0.042           
Pipe 396                	70.64           	75.0            	0.21            	0.05            	0.07            	0.046           
Pipe 397                	117.98          	15.0            	0.11            	0.62            	53.74           	0.041           
Pipe 398                	46.51           	75.0            	-0.28           	0.06            	0.12            	0.044           
Pipe 399                	67.76           	75.0            	0.18            	0.04            	0.05            	0.047           
Pipe 400                	57.36           	75.0            	-0.12           	0.03            	0.02            	0.050           
Pipe 401                	192.01          	75.0            	0.22            	0.05            	0.08            	0.045           
Pipe 402                	67.22           	75.0            	0.29            	0.07            	0.13            	0.044           
Pipe 403                	59.27           	75.0            	0.05            	0.01            	0.01            	0.057           
Pipe 404                	66.96           	75.0            	-0.09           	0.02            	0.02            	0.052           
Pipe 405                	196.51          	75.0            	0.22            	0.05            	0.08            	0.045           
Pipe 406                	49.06           	75.0            	-0.08           	0.02            	0.01            	0.052           
Pipe 407                	70.18           	75.0            	0.18            	0.04            	0.05            	0.047           
Pipe 408                	40.35           	75.0            	-0.15           	0.03            	0.04            	0.048           
Pipe 409                	187.96          	75.0            	0.22            	0.05            	0.07            	0.045           
Pipe 410                	81.96           	75.0            	-0.08           	0.02            	0.01            	0.052           
Pipe 411                	92.65           	75.0            	0.19            	0.04            	0.06            	0.046           
Pipe 412                	81.05           	75.0            	-0.13           	0.03            	0.03            	0.049           
Pipe 413                	89.64           	75.0            	0.16            	0.04            	0.04            	0.047           
Pipe 414                	75.46           	75.0            	0.18            	0.04            	0.05            	0.047           
Pipe 415                	42.63           	75.0            	-0.08           	0.02            	0.01            	0.053           
Pipe 416                	85.87           	75.0            	-0.22           	0.05            	0.08            	0.045           
Pipe 417                	85.89           	75.0            	0.20            	0.04            	0.06            	0.046           
Pipe 418                	40.95           	75.0            	-0.18           	0.04            	0.05            	0.047           
Pipe 419                	188.23          	75.0            	0.17            	0.04            	0.05            	0.047           
Pipe 420                	41.18           	75.0            	0.02            	0.01            	0.00            	0.057           
Pipe 421                	81.43           	75.0            	-0.16           	0.04            	0.04            	0.047           
Pipe 422                	41.41           	75.0            	-0.24           	0.05            	0.09            	0.045           
Pipe 423                	189.26          	75.0            	0.15            	0.03            	0.04            	0.048           
Pipe 424                	31.55           	75.0            	-0.24           	0.06            	0.09            	0.045           
Pipe 425                	34.28           	75.0            	-0.35           	0.08            	0.18            	0.042           
Pipe 426                	65.02           	75.0            	0.40            	0.09            	0.23            	0.041           
Pipe 427                	41.33           	75.0            	0.51            	0.11            	0.36            	0.040           
Pipe 428                	41.41           	75.0            	-0.40           	0.09            	0.23            	0.042           
Pipe 429                	41.02           	75.0            	0.69            	0.16            	0.64            	0.038           
Pipe 430                	41.29           	75.0            	0.35            	0.08            	0.18            	0.042           
Pipe 431                	198.52          	75.0            	0.23            	0.05            	0.08            	0.045           
Pipe 432                	82.93           	75.0            	0.12            	0.03            	0.03            	0.050           
Pipe 433                	84.57           	75.0            	0.09            	0.02            	0.01            	0.052           
Pipe 434                	78.08           	75.0            	0.14            	0.03            	0.03            	0.048           
Pipe 435                	91.14           	15.0            	0.22            	1.24            	194.01          	0.037           
Pipe 436                	39.13           	15.0            	0.11            	0.62            	53.74           	0.041           
Pipe 437                	127.39          	15.0            	-0.11           	0.62            	53.74           	0.041           
Pipe 438                	47.02           	75.0            	-0.20           	0.05            	0.06            	0.046           
Pipe 439                	49.01           	75.0            	-0.02           	0.00            	0.00            	0.053           
Pipe 440                	49.2            	75.0            	-0.04           	0.01            	0.00            	0.056           
Pipe 441                	41.89           	75.0            	-0.27           	0.06            	0.11            	0.044           
Pipe 442                	94.89           	75.0            	0.07            	0.02            	0.01            	0.053           
Pipe 443                	47.28           	75.0            	-0.20           	0.05            	0.07            	0.046           
Pipe 444                	92.18           	75.0            	-0.03           	0.01            	0.00            	0.059           
Pipe 445                	164.41          	75.0            	-0.08           	0.02            	0.01            	0.053           
Pipe 446                	74.58           	75.0            	-0.38           	0.09            	0.21            	0.042           
Pipe 447                	47.5            	75.0            	0.24            	0.05            	0.09            	0.045           
Pipe 448                	39.24           	15.0            	0.11            	0.62            	53.74           	0.041           
Pipe 449                	38.23           	75.0            	-0.30           	0.07            	0.13            	0.043           
Pipe 450                	82.24           	75.0            	-0.99           	0.22            	1.24            	0.036           
Pipe 451                	94.23           	75.0            	0.36            	0.08            	0.19            	0.042           
Pipe 452                	78.68           	75.0            	0.14            	0.03            	0.03            	0.048           
Pipe 453                	46.5            	75.0            	0.13            	0.03            	0.03            	0.049           
Pipe 454                	74.88           	75.0            	-0.16           	0.04            	0.04            	0.048           
Pipe 455                	67.27           	75.0            	-0.25           	0.06            	0.10            	0.045           
Pipe 456                	46.8            	75.0            	-0.03           	0.01            	0.00            	0.058           
Pipe 457                	62.77           	75.0            	-0.08           	0.02            	0.01            	0.053           
Pipe 458                	48.94           	75.0            	-0.14           	0.03            	0.04            	0.048           
Pipe 459                	46.44           	75.0            	-0.19           	0.04            	0.06            	0.046           
Pipe 460                	47.78           	75.0            	-0.25           	0.06            	0.10            	0.044           
Pipe 461                	84.0            	75.0            	-0.17           	0.04            	0.05            	0.047           
Pipe 462                	41.19           	75.0            	-0.14           	0.03            	0.03            	0.049           
Pipe 463                	70.87           	75.0            	0.03            	0.01            	0.00            	0.058           
Pipe 464                	29.33           	75.0            	-0.25           	0.06            	0.09            	0.045           
Pipe 465                	47.86           	75.0            	-0.08           	0.02            	0.01            	0.052           
Pipe 466                	88.39           	75.0            	-0.36           	0.08            	0.19            	0.042           
Pipe 467                	60.17           	75.0            	-0.37           	0.08            	0.20            	0.042           
Pipe 468                	46.37           	75.0            	-0.08           	0.02            	0.01            	0.053           
Pipe 469                	46.41           	75.0            	-0.39           	0.09            	0.22            	0.042           
Pipe 470                	56.91           	75.0            	0.48            	0.11            	0.32            	0.040           
Pipe 471                	73.14           	75.0            	-0.98           	0.22            	1.22            	0.036           
Pipe 472                	44.92           	75.0            	-0.35           	0.08            	0.18            	0.042           
Pipe 473                	34.25           	75.0            	-0.15           	0.03            	0.04            	0.048           
Pipe 474                	44.94           	75.0            	-0.23           	0.05            	0.08            	0.045           
Pipe 475                	27.92           	75.0            	-0.70           	0.16            	0.65            	0.038           
Pipe 476                	48.91           	75.0            	-0.55           	0.13            	0.42            	0.040           
Pipe 477                	79.62           	75.0            	0.30            	0.07            	0.13            	0.043           
Pipe 478                	34.36           	75.0            	-1.88           	0.42            	4.04            	0.033           
Pipe 479                	82.99           	75.0            	0.52            	0.12            	0.37            	0.040           
Pipe 480                	47.25           	75.0            	-0.08           	0.02            	0.01            	0.053           
Pipe 481                	69.66           	75.0            	0.27            	0.06            	0.11            	0.044           
Pipe 482                	29.27           	75.0            	0.33            	0.07            	0.16            	0.043           
Pipe 483                	45.19           	75.0            	-0.03           	0.01            	0.00            	0.059           
Pipe 484                	38.85           	25.0            	-0.22           	0.45            	16.11           	0.039           
Pipe 485                	138.84          	15.0            	0.11            	0.62            	53.74           	0.041           
Pipe 486                	41.42           	25.0            	-0.33           	0.67            	34.14           	0.037           
Pipe 488                	39.23           	25.0            	-0.44           	0.90            	58.17           	0.036           
Pipe 489                	41.34           	25.0            	-0.55           	1.12            	87.94           	0.034           
Pipe 490                	40.63           	50.0            	-0.66           	0.34            	4.21            	0.037           
Pipe 491                	55.59           	50.0            	-0.77           	0.39            	5.60            	0.036           
Pipe 492                	33.76           	25.0            	0.55            	1.12            	87.94           	0.034           
Pipe 493                	38.05           	25.0            	0.33            	0.67            	34.14           	0.037           
Pipe 494                	47.48           	15.0            	0.11            	0.62            	53.74           	0.041           
Pipe 495                	140.18          	15.0            	0.22            	1.24            	194.01          	0.037           
Pipe 496                	34.18           	75.0            	0.97            	0.22            	1.20            	0.036           
Pipe 497                	37.92           	75.0            	0.90            	0.20            	1.03            	0.037           
Pipe 498                	25.85           	15.0            	0.11            	0.62            	53.74           	0.041           
Pipe 499                	23.37           	75.0            	0.18            	0.04            	0.05            	0.047           
Pipe 500                	52.0            	75.0            	-0.29           	0.07            	0.13            	0.044           
Pipe 501                	22.96           	75.0            	0.07            	0.02            	0.01            	0.055           
Pipe 502                	17.06           	75.0            	-0.40           	0.09            	0.23            	0.042           
Pipe 503                	21.03           	75.0            	0.13            	0.03            	0.03            	0.048           
Pipe 504                	24.3            	75.0            	-0.17           	0.04            	0.05            	0.047           
Pipe 505                	40.96           	75.0            	0.35            	0.08            	0.18            	0.042           
Pipe 506                	31.01           	75.0            	-0.86           	0.20            	0.96            	0.037           
Pipe 507                	16.52           	75.0            	0.02            	0.00            	0.00            	0.076           
Pipe 508                	28.62           	75.0            	-0.04           	0.01            	0.00            	0.063           
Pipe 509                	33.58           	75.0            	-0.24           	0.06            	0.09            	0.045           
Pipe 510                	27.27           	75.0            	-0.09           	0.02            	0.01            	0.051           
Pipe 511                	23.62           	75.0            	0.20            	0.05            	0.06            	0.046           
Pipe 512                	39.04           	75.0            	-0.35           	0.08            	0.18            	0.042           
Pipe 513                	48.17           	75.0            	-0.37           	0.08            	0.20            	0.042           
Pipe 514                	54.5            	75.0            	-0.09           	0.02            	0.02            	0.052           
Pipe 515                	31.6            	75.0            	-0.79           	0.18            	0.81            	0.038           
Pipe 516                	36.15           	75.0            	0.31            	0.07            	0.15            	0.043           
Pipe 517                	52.05           	75.0            	-0.20           	0.05            	0.07            	0.046           
Pipe 518                	199.77          	75.0            	-0.67           	0.15            	0.61            	0.038           
Pipe 519                	58.0            	75.0            	0.56            	0.13            	0.44            	0.039           
Pipe 520                	114.12          	75.0            	0.05            	0.01            	0.01            	0.056           
Pipe 521                	120.64          	75.0            	0.45            	0.10            	0.29            	0.041           
Pipe 522                	63.52           	75.0            	-0.12           	0.03            	0.03            	0.049           
Pipe 523                	40.46           	75.0            	0.07            	0.02            	0.01            	0.054           
Pipe 524                	29.39           	75.0            	0.34            	0.08            	0.17            	0.042           
Pipe 525                	49.95           	75.0            	0.61            	0.14            	0.50            	0.039           
Pipe 526                	46.29           	15.0            	0.11            	0.62            	53.74           	0.041           
Pipe 527                	47.73           	75.0            	0.39            	0.09            	0.22            	0.042           
Pipe 528                	44.44           	75.0            	0.15            	0.03            	0.04            	0.048           
Pipe 529                	84.15           	75.0            	0.10            	0.02            	0.02            	0.051           
Pipe 530                	42.11           	75.0            	1.43            	0.32            	2.45            	0.034           
Pipe 531                	76.64           	15.0            	-0.11           	0.62            	53.74           	0.041           
Pipe 532                	38.38           	75.0            	0.50            	0.11            	0.35            	0.040           
Pipe 533                	44.18           	50.0            	-0.99           	0.50            	8.93            	0.034           
Pipe 534                	207.24          	75.0            	0.27            	0.06            	0.11            	0.044           
Pipe 535                	43.41           	75.0            	0.39            	0.09            	0.22            	0.042           
Pipe 536                	39.61           	50.0            	-1.10           	0.56            	10.85           	0.034           
Pipe 537                	83.02           	75.0            	0.16            	0.04            	0.04            	0.048           
Pipe 538                	85.9            	75.0            	-0.01           	0.00            	0.00            	0.064           
Pipe 539                	20.2            	75.0            	-0.23           	0.05            	0.09            	0.045           
Pipe 540                	21.77           	15.0            	0.11            	0.62            	53.74           	0.041           
Pipe 541                	39.21           	50.0            	1.32            	0.67            	15.21           	0.033           
Pipe 542                	61.33           	75.0            	-0.04           	0.01            	0.00            	0.057           
Pipe 543                	121.37          	75.0            	-0.18           	0.04            	0.05            	0.047           
Pipe 544                	187.26          	75.0            	0.07            	0.01            	0.01            	0.054           
Pipe 545                	207.99          	75.0            	0.10            	0.02            	0.02            	0.051           
Pipe 546                	126.05          	75.0            	-0.04           	0.01            	0.00            	0.058           
Pipe 547                	84.36           	75.0            	0.15            	0.03            	0.04            	0.048           
Pipe 548                	43.21           	50.0            	-1.21           	0.62            	12.94           	0.033           
