[COORDINATES]
0 2
1 2
2 2
0 1
1 1
2 1
0 0
1 0
2 0
3 0
3.5 1
4 0

[ADJACENCY_MATRIX]
0 14.55 0 14.70 14.70 0 0 0 0 0 0 0
14.55 0 15.55 0 14.85 0 0 0 0 0 0 0
0 15.55 0 0 0 16.45 0 0 0 0 0 0
14.70 0 0 0 15 0 15.15 0 0 0 0 0
14.70 14.85 0 15 0 15.75 0 15.30 0 0 0 0
0 0 16.45 0 15.75 0 0 0 16.50 0 0 0
0 0 0 15.15 0 0 0 15.45 0 0 0 0
0 0 0 0 15.30 0 15.45 0 16.05 0 0 0
0 0 0 0 0 16.50 0 16.05 0 17.55 0 0
0 0 0 0 0 0 0 0 17.55 0 18.75 18.60
0 0 0 0 0 0 0 0 0 18.75 0 18.75
0 0 0 0 0 0 0 0 0 18.60 18.75 0